(kicad_pcb (version 20171130) (host pcbnew "(5.1.9)-1")

  (general
    (thickness 1.6)
    (drawings 24)
    (tracks 392)
    (zones 0)
    (modules 41)
    (nets 36)
  )

  (page A4)
  (layers
    (0 F.Cu signal)
    (31 B.Cu signal)
    (32 B.Adhes user)
    (33 F.Adhes user)
    (34 B.Paste user)
    (35 F.Paste user hide)
    (36 B.SilkS user)
    (37 F.SilkS user)
    (38 B.Mask user)
    (39 F.Mask user)
    (40 Dwgs.User user)
    (41 Cmts.User user)
    (42 Eco1.User user)
    (43 Eco2.User user)
    (44 Edge.Cuts user)
    (45 Margin user)
    (46 B.CrtYd user)
    (47 F.CrtYd user)
    (48 B.Fab user hide)
    (49 F.Fab user hide)
  )

  (setup
    (last_trace_width 0.25)
    (user_trace_width 0.2032)
    (trace_clearance 0.2)
    (zone_clearance 0.254)
    (zone_45_only no)
    (trace_min 0.2)
    (via_size 0.8)
    (via_drill 0.4)
    (via_min_size 0.4)
    (via_min_drill 0.3)
    (user_via 0.762 0.381)
    (uvia_size 0.3)
    (uvia_drill 0.1)
    (uvias_allowed no)
    (uvia_min_size 0.2)
    (uvia_min_drill 0.1)
    (edge_width 0.15)
    (segment_width 0.2)
    (pcb_text_width 0.3)
    (pcb_text_size 1.5 1.5)
    (mod_edge_width 0.15)
    (mod_text_size 1 1)
    (mod_text_width 0.15)
    (pad_size 2 0.6)
    (pad_drill 0)
    (pad_to_mask_clearance 0.051)
    (solder_mask_min_width 0.25)
    (aux_axis_origin 0 0)
    (visible_elements 7FFFFFFF)
    (pcbplotparams
      (layerselection 0x010f0_ffffffff)
      (usegerberextensions true)
      (usegerberattributes false)
      (usegerberadvancedattributes false)
      (creategerberjobfile false)
      (excludeedgelayer true)
      (linewidth 0.100000)
      (plotframeref false)
      (viasonmask false)
      (mode 1)
      (useauxorigin false)
      (hpglpennumber 1)
      (hpglpenspeed 20)
      (hpglpendiameter 15.000000)
      (psnegative false)
      (psa4output false)
      (plotreference true)
      (plotvalue true)
      (plotinvisibletext false)
      (padsonsilk false)
      (subtractmaskfromsilk false)
      (outputformat 1)
      (mirror false)
      (drillshape 0)
      (scaleselection 1)
      (outputdirectory "Plot/"))
  )

  (net 0 "")
  (net 1 GND)
  (net 2 +5V)
  (net 3 "Net-(DB1-Pad1)")
  (net 4 "Net-(DR1-Pad1)")
  (net 5 "Net-(DW1-Pad1)")
  (net 6 "Net-(R1-Pad2)")
  (net 7 "Net-(R2-Pad2)")
  (net 8 "Net-(R3-Pad2)")
  (net 9 /~MCLR)
  (net 10 /HALL_14)
  (net 11 /HALL_13)
  (net 12 /HALL_12)
  (net 13 /HALL_11)
  (net 14 /HALL_10)
  (net 15 /HALL_9)
  (net 16 /HALL_8)
  (net 17 /HALL_7)
  (net 18 /HALL_6)
  (net 19 /HALL_5)
  (net 20 /HALL_4)
  (net 21 /HALL_3)
  (net 22 /HALL_2)
  (net 23 /HALL_1)
  (net 24 /CURR_AMP)
  (net 25 /OSC1)
  (net 26 /OSC2)
  (net 27 /CAN_TX)
  (net 28 /CAN_RX)
  (net 29 /ICSPCLK)
  (net 30 /ICSPDAT)
  (net 31 "Net-(F1-Pad1)")
  (net 32 "Net-(F1-Pad2)")
  (net 33 +12V)
  (net 34 CANL)
  (net 35 CANH)

  (net_class Default "This is the default net class."
    (clearance 0.2)
    (trace_width 0.25)
    (via_dia 0.8)
    (via_drill 0.4)
    (uvia_dia 0.3)
    (uvia_drill 0.1)
    (add_net +12V)
    (add_net +5V)
    (add_net /CAN_RX)
    (add_net /CAN_TX)
    (add_net /CURR_AMP)
    (add_net /HALL_1)
    (add_net /HALL_10)
    (add_net /HALL_11)
    (add_net /HALL_12)
    (add_net /HALL_13)
    (add_net /HALL_14)
    (add_net /HALL_2)
    (add_net /HALL_3)
    (add_net /HALL_4)
    (add_net /HALL_5)
    (add_net /HALL_6)
    (add_net /HALL_7)
    (add_net /HALL_8)
    (add_net /HALL_9)
    (add_net /ICSPCLK)
    (add_net /ICSPDAT)
    (add_net /OSC1)
    (add_net /OSC2)
    (add_net /~MCLR)
    (add_net CANH)
    (add_net CANL)
    (add_net GND)
    (add_net "Net-(DB1-Pad1)")
    (add_net "Net-(DR1-Pad1)")
    (add_net "Net-(DW1-Pad1)")
    (add_net "Net-(F1-Pad1)")
    (add_net "Net-(F1-Pad2)")
    (add_net "Net-(R1-Pad2)")
    (add_net "Net-(R2-Pad2)")
    (add_net "Net-(R3-Pad2)")
  )

  (module MountingHole:MountingHole_3.2mm_M3_Pad (layer F.Cu) (tedit 5E4B383D) (tstamp 5E4DC02B)
    (at 136.398 68.326)
    (descr "Mounting Hole 3.2mm, M3")
    (tags "mounting hole 3.2mm m3")
    (attr virtual)
    (fp_text reference REF** (at 0 -4.2) (layer F.SilkS) hide
      (effects (font (size 1 1) (thickness 0.15)))
    )
    (fp_text value MountingHole_3.2mm_M3_Pad (at 0 4.2) (layer F.Fab)
      (effects (font (size 1 1) (thickness 0.15)))
    )
    (fp_circle (center 0 0) (end 3.45 0) (layer F.CrtYd) (width 0.05))
    (fp_circle (center 0 0) (end 3.2 0) (layer Cmts.User) (width 0.15))
    (fp_text user %R (at 0.3 0) (layer F.Fab)
      (effects (font (size 1 1) (thickness 0.15)))
    )
    (pad 1 thru_hole circle (at 0 0) (size 6.4 6.4) (drill 3.2) (layers *.Cu *.Mask))
  )

  (module Connector_Molex:Molex_Nano-Fit_105314-xx16_2x08_P2.50mm_Horizontal (layer F.Cu) (tedit 5B782416) (tstamp 5E4D5B79)
    (at 111.76 78.232 90)
    (descr "Molex Nano-Fit Power Connectors, 105314-xx16, 8 Pins per row (http://www.molex.com/pdm_docs/sd/1053141208_sd.pdf), generated with kicad-footprint-generator")
    (tags "connector Molex Nano-Fit top entry")
    (path /5E59747E)
    (fp_text reference J3 (at 8.65 -2.92 90) (layer F.SilkS)
      (effects (font (size 1 1) (thickness 0.15)))
    )
    (fp_text value "Hall Sensor Connector" (at 8.65 20.42 90) (layer F.Fab)
      (effects (font (size 1 1) (thickness 0.15)))
    )
    (fp_line (start 13.38 -2.22) (end -1.35 -2.22) (layer F.CrtYd) (width 0.05))
    (fp_line (start 13.38 19.72) (end 13.38 -2.22) (layer F.CrtYd) (width 0.05))
    (fp_line (start -1.35 19.72) (end 13.38 19.72) (layer F.CrtYd) (width 0.05))
    (fp_line (start -1.35 -2.22) (end -1.35 19.72) (layer F.CrtYd) (width 0.05))
    (fp_line (start -0.3 -1.534264) (end 0 -1.11) (layer F.Fab) (width 0.1))
    (fp_line (start 0.3 -1.534264) (end -0.3 -1.534264) (layer F.Fab) (width 0.1))
    (fp_line (start 0 -1.11) (end 0.3 -1.534264) (layer F.Fab) (width 0.1))
    (fp_line (start -0.3 -1.534264) (end 0 -1.11) (layer F.SilkS) (width 0.12))
    (fp_line (start 0.3 -1.534264) (end -0.3 -1.534264) (layer F.SilkS) (width 0.12))
    (fp_line (start 0 -1.11) (end 0.3 -1.534264) (layer F.SilkS) (width 0.12))
    (fp_line (start 3.61 17.65) (end 4.31 17.65) (layer F.SilkS) (width 0.12))
    (fp_line (start 3.61 17.35) (end 3.61 17.65) (layer F.SilkS) (width 0.12))
    (fp_line (start 4.31 17.35) (end 3.61 17.35) (layer F.SilkS) (width 0.12))
    (fp_line (start 4.31 17.65) (end 4.31 17.35) (layer F.SilkS) (width 0.12))
    (fp_line (start 3.61 15.15) (end 4.31 15.15) (layer F.SilkS) (width 0.12))
    (fp_line (start 3.61 14.85) (end 3.61 15.15) (layer F.SilkS) (width 0.12))
    (fp_line (start 4.31 14.85) (end 3.61 14.85) (layer F.SilkS) (width 0.12))
    (fp_line (start 4.31 15.15) (end 4.31 14.85) (layer F.SilkS) (width 0.12))
    (fp_line (start 3.61 12.65) (end 4.31 12.65) (layer F.SilkS) (width 0.12))
    (fp_line (start 3.61 12.35) (end 3.61 12.65) (layer F.SilkS) (width 0.12))
    (fp_line (start 4.31 12.35) (end 3.61 12.35) (layer F.SilkS) (width 0.12))
    (fp_line (start 4.31 12.65) (end 4.31 12.35) (layer F.SilkS) (width 0.12))
    (fp_line (start 3.61 10.15) (end 4.31 10.15) (layer F.SilkS) (width 0.12))
    (fp_line (start 3.61 9.85) (end 3.61 10.15) (layer F.SilkS) (width 0.12))
    (fp_line (start 4.31 9.85) (end 3.61 9.85) (layer F.SilkS) (width 0.12))
    (fp_line (start 4.31 10.15) (end 4.31 9.85) (layer F.SilkS) (width 0.12))
    (fp_line (start 3.61 7.65) (end 4.31 7.65) (layer F.SilkS) (width 0.12))
    (fp_line (start 3.61 7.35) (end 3.61 7.65) (layer F.SilkS) (width 0.12))
    (fp_line (start 4.31 7.35) (end 3.61 7.35) (layer F.SilkS) (width 0.12))
    (fp_line (start 4.31 7.65) (end 4.31 7.35) (layer F.SilkS) (width 0.12))
    (fp_line (start 3.61 5.15) (end 4.31 5.15) (layer F.SilkS) (width 0.12))
    (fp_line (start 3.61 4.85) (end 3.61 5.15) (layer F.SilkS) (width 0.12))
    (fp_line (start 4.31 4.85) (end 3.61 4.85) (layer F.SilkS) (width 0.12))
    (fp_line (start 4.31 5.15) (end 4.31 4.85) (layer F.SilkS) (width 0.12))
    (fp_line (start 3.61 2.65) (end 4.31 2.65) (layer F.SilkS) (width 0.12))
    (fp_line (start 3.61 2.35) (end 3.61 2.65) (layer F.SilkS) (width 0.12))
    (fp_line (start 4.31 2.35) (end 3.61 2.35) (layer F.SilkS) (width 0.12))
    (fp_line (start 4.31 2.65) (end 4.31 2.35) (layer F.SilkS) (width 0.12))
    (fp_line (start 3.61 0.15) (end 4.31 0.15) (layer F.SilkS) (width 0.12))
    (fp_line (start 3.61 -0.15) (end 3.61 0.15) (layer F.SilkS) (width 0.12))
    (fp_line (start 4.31 -0.15) (end 3.61 -0.15) (layer F.SilkS) (width 0.12))
    (fp_line (start 4.31 0.15) (end 4.31 -0.15) (layer F.SilkS) (width 0.12))
    (fp_line (start 12.99 -1.83) (end 4.31 -1.83) (layer F.SilkS) (width 0.12))
    (fp_line (start 12.99 19.33) (end 12.99 -1.83) (layer F.SilkS) (width 0.12))
    (fp_line (start 4.31 19.33) (end 12.99 19.33) (layer F.SilkS) (width 0.12))
    (fp_line (start 4.31 -1.83) (end 4.31 19.33) (layer F.SilkS) (width 0.12))
    (fp_line (start 12.88 -1.72) (end 4.42 -1.72) (layer F.Fab) (width 0.1))
    (fp_line (start 12.88 19.22) (end 12.88 -1.72) (layer F.Fab) (width 0.1))
    (fp_line (start 4.42 19.22) (end 12.88 19.22) (layer F.Fab) (width 0.1))
    (fp_line (start 4.42 -1.72) (end 4.42 19.22) (layer F.Fab) (width 0.1))
    (fp_text user %R (at 8.65 18.52 90) (layer F.Fab)
      (effects (font (size 1 1) (thickness 0.15)))
    )
    (pad 1 thru_hole roundrect (at 0 0 90) (size 1.7 1.7) (drill 1.2) (layers *.Cu *.Mask) (roundrect_rratio 0.147059)
      (net 2 +5V))
    (pad 2 thru_hole circle (at 0 2.5 90) (size 1.7 1.7) (drill 1.2) (layers *.Cu *.Mask)
      (net 23 /HALL_1))
    (pad 3 thru_hole circle (at 0 5 90) (size 1.7 1.7) (drill 1.2) (layers *.Cu *.Mask)
      (net 22 /HALL_2))
    (pad 4 thru_hole circle (at 0 7.5 90) (size 1.7 1.7) (drill 1.2) (layers *.Cu *.Mask)
      (net 21 /HALL_3))
    (pad 5 thru_hole circle (at 0 10 90) (size 1.7 1.7) (drill 1.2) (layers *.Cu *.Mask)
      (net 20 /HALL_4))
    (pad 6 thru_hole circle (at 0 12.5 90) (size 1.7 1.7) (drill 1.2) (layers *.Cu *.Mask)
      (net 19 /HALL_5))
    (pad 7 thru_hole circle (at 0 15 90) (size 1.7 1.7) (drill 1.2) (layers *.Cu *.Mask)
      (net 18 /HALL_6))
    (pad 8 thru_hole circle (at 0 17.5 90) (size 1.7 1.7) (drill 1.2) (layers *.Cu *.Mask)
      (net 17 /HALL_7))
    (pad 9 thru_hole circle (at 2.5 0 90) (size 1.7 1.7) (drill 1.2) (layers *.Cu *.Mask)
      (net 1 GND))
    (pad 10 thru_hole circle (at 2.5 2.5 90) (size 1.7 1.7) (drill 1.2) (layers *.Cu *.Mask)
      (net 10 /HALL_14))
    (pad 11 thru_hole circle (at 2.5 5 90) (size 1.7 1.7) (drill 1.2) (layers *.Cu *.Mask)
      (net 11 /HALL_13))
    (pad 12 thru_hole circle (at 2.5 7.5 90) (size 1.7 1.7) (drill 1.2) (layers *.Cu *.Mask)
      (net 12 /HALL_12))
    (pad 13 thru_hole circle (at 2.5 10 90) (size 1.7 1.7) (drill 1.2) (layers *.Cu *.Mask)
      (net 13 /HALL_11))
    (pad 14 thru_hole circle (at 2.5 12.5 90) (size 1.7 1.7) (drill 1.2) (layers *.Cu *.Mask)
      (net 14 /HALL_10))
    (pad 15 thru_hole circle (at 2.5 15 90) (size 1.7 1.7) (drill 1.2) (layers *.Cu *.Mask)
      (net 15 /HALL_9))
    (pad 16 thru_hole circle (at 2.5 17.5 90) (size 1.7 1.7) (drill 1.2) (layers *.Cu *.Mask)
      (net 16 /HALL_8))
    (pad "" np_thru_hole circle (at 9.68 0 90) (size 1.7 1.7) (drill 1.7) (layers *.Cu *.Mask))
    (pad "" np_thru_hole circle (at 9.68 17.5 90) (size 1.7 1.7) (drill 1.7) (layers *.Cu *.Mask))
    (model ${KISYS3DMOD}/Connector_Molex.3dshapes/Molex_Nano-Fit_105314-xx16_2x08_P2.50mm_Horizontal.wrl
      (at (xyz 0 0 0))
      (scale (xyz 1 1 1))
      (rotate (xyz 0 0 0))
    )
  )

  (module MountingHole:MountingHole_3.2mm_M3_Pad (layer F.Cu) (tedit 5E4B383D) (tstamp 5E4DC02B)
    (at 104.648 103.886)
    (descr "Mounting Hole 3.2mm, M3")
    (tags "mounting hole 3.2mm m3")
    (attr virtual)
    (fp_text reference REF** (at 0 -4.2) (layer F.SilkS) hide
      (effects (font (size 1 1) (thickness 0.15)))
    )
    (fp_text value MountingHole_3.2mm_M3_Pad (at 0 4.2) (layer F.Fab)
      (effects (font (size 1 1) (thickness 0.15)))
    )
    (fp_circle (center 0 0) (end 3.45 0) (layer F.CrtYd) (width 0.05))
    (fp_circle (center 0 0) (end 3.2 0) (layer Cmts.User) (width 0.15))
    (fp_text user %R (at 0.3 0) (layer F.Fab)
      (effects (font (size 1 1) (thickness 0.15)))
    )
    (pad 1 thru_hole circle (at 0 0) (size 6.4 6.4) (drill 3.2) (layers *.Cu *.Mask))
  )

  (module MountingHole:MountingHole_3.2mm_M3_Pad (layer F.Cu) (tedit 5E4B383D) (tstamp 5E4DC02B)
    (at 136.398 103.886)
    (descr "Mounting Hole 3.2mm, M3")
    (tags "mounting hole 3.2mm m3")
    (attr virtual)
    (fp_text reference REF** (at 0 -4.2) (layer F.SilkS) hide
      (effects (font (size 1 1) (thickness 0.15)))
    )
    (fp_text value MountingHole_3.2mm_M3_Pad (at 0 4.2) (layer F.Fab)
      (effects (font (size 1 1) (thickness 0.15)))
    )
    (fp_circle (center 0 0) (end 3.45 0) (layer F.CrtYd) (width 0.05))
    (fp_circle (center 0 0) (end 3.2 0) (layer Cmts.User) (width 0.15))
    (fp_text user %R (at 0.3 0) (layer F.Fab)
      (effects (font (size 1 1) (thickness 0.15)))
    )
    (pad 1 thru_hole circle (at 0 0) (size 6.4 6.4) (drill 3.2) (layers *.Cu *.Mask))
  )

  (module Package_SO:SOIC-28W_7.5x18.7mm_P1.27mm (layer F.Cu) (tedit 6068E13C) (tstamp 5E4BB9CC)
    (at 120.65 90.17 180)
    (descr "28-Lead Plastic Small Outline (SO) - Wide, 7.50 mm X 18.7 mm Body [SOIC] (https://www.akm.com/akm/en/file/datasheet/AK5394AVS.pdf)")
    (tags "SOIC 1.27")
    (path /5E29F867)
    (attr smd)
    (fp_text reference U1 (at 0 -10.668 270) (layer F.SilkS)
      (effects (font (size 1 1) (thickness 0.15)))
    )
    (fp_text value PIC18F26K83 (at 0 10.45 180) (layer F.Fab)
      (effects (font (size 1 1) (thickness 0.15)))
    )
    (fp_line (start -3.875 -8.875) (end -5.7 -8.875) (layer F.SilkS) (width 0.15))
    (fp_line (start -3.875 9.525) (end 3.875 9.525) (layer F.SilkS) (width 0.15))
    (fp_line (start -3.875 -9.525) (end 3.875 -9.525) (layer F.SilkS) (width 0.15))
    (fp_line (start -3.875 9.525) (end -3.875 8.78) (layer F.SilkS) (width 0.15))
    (fp_line (start 3.875 9.525) (end 3.875 8.78) (layer F.SilkS) (width 0.15))
    (fp_line (start 3.875 -9.525) (end 3.875 -8.78) (layer F.SilkS) (width 0.15))
    (fp_line (start -3.875 -9.525) (end -3.875 -8.875) (layer F.SilkS) (width 0.15))
    (fp_line (start -5.95 9.7) (end 5.95 9.7) (layer F.CrtYd) (width 0.05))
    (fp_line (start -5.95 -9.7) (end 5.95 -9.7) (layer F.CrtYd) (width 0.05))
    (fp_line (start 5.95 -9.7) (end 5.95 9.7) (layer F.CrtYd) (width 0.05))
    (fp_line (start -5.95 -9.7) (end -5.95 9.7) (layer F.CrtYd) (width 0.05))
    (fp_line (start -3.75 -8.35) (end -2.75 -9.35) (layer F.Fab) (width 0.15))
    (fp_line (start -3.75 9.35) (end -3.75 -8.35) (layer F.Fab) (width 0.15))
    (fp_line (start 3.75 9.35) (end -3.75 9.35) (layer F.Fab) (width 0.15))
    (fp_line (start 3.75 -9.35) (end 3.75 9.35) (layer F.Fab) (width 0.15))
    (fp_line (start -2.75 -9.35) (end 3.75 -9.35) (layer F.Fab) (width 0.15))
    (fp_text user %R (at 0 0 180) (layer F.Fab)
      (effects (font (size 1 1) (thickness 0.15)))
    )
    (pad 1 smd rect (at -4.7 -8.255 180) (size 2 0.6) (layers F.Cu F.Paste F.Mask)
      (net 9 /~MCLR))
    (pad 2 smd rect (at -4.7 -6.985 180) (size 2 0.6) (layers F.Cu F.Paste F.Mask)
      (net 24 /CURR_AMP))
    (pad 3 smd rect (at -4.7 -5.715 180) (size 2 0.6) (layers F.Cu F.Paste F.Mask)
      (net 16 /HALL_8))
    (pad 4 smd rect (at -4.7 -4.445 180) (size 2 0.6) (layers F.Cu F.Paste F.Mask)
      (net 17 /HALL_7))
    (pad 5 smd rect (at -4.7 -3.175 180) (size 2 0.6) (layers F.Cu F.Paste F.Mask)
      (net 8 "Net-(R3-Pad2)"))
    (pad 6 smd rect (at -4.7 -1.905 180) (size 2 0.6) (layers F.Cu F.Paste F.Mask)
      (net 7 "Net-(R2-Pad2)"))
    (pad 7 smd rect (at -4.7 -0.635 180) (size 2 0.6) (layers F.Cu F.Paste F.Mask)
      (net 6 "Net-(R1-Pad2)"))
    (pad 8 smd rect (at -4.7 0.635 180) (size 2 0.6) (layers F.Cu F.Paste F.Mask)
      (net 1 GND))
    (pad 9 smd rect (at -4.7 1.905 180) (size 2 0.6) (layers F.Cu F.Paste F.Mask)
      (net 25 /OSC1))
    (pad 10 smd rect (at -4.7 3.175 180) (size 2 0.6) (layers F.Cu F.Paste F.Mask)
      (net 26 /OSC2))
    (pad 11 smd rect (at -4.7 4.445 180) (size 2 0.6) (layers F.Cu F.Paste F.Mask)
      (net 27 /CAN_TX))
    (pad 12 smd rect (at -4.7 5.715 180) (size 2 0.6) (layers F.Cu F.Paste F.Mask)
      (net 28 /CAN_RX))
    (pad 13 smd rect (at -4.7 6.985 180) (size 2 0.6) (layers F.Cu F.Paste F.Mask)
      (net 15 /HALL_9))
    (pad 14 smd rect (at -4.7 8.255 180) (size 2 0.6) (layers F.Cu F.Paste F.Mask)
      (net 18 /HALL_6))
    (pad 15 smd rect (at 4.7 8.255 180) (size 2 0.6) (layers F.Cu F.Paste F.Mask)
      (net 10 /HALL_14))
    (pad 16 smd rect (at 4.7 6.985 180) (size 2 0.6) (layers F.Cu F.Paste F.Mask)
      (net 23 /HALL_1))
    (pad 17 smd rect (at 4.7 5.715 180) (size 2 0.6) (layers F.Cu F.Paste F.Mask)
      (net 11 /HALL_13))
    (pad 18 smd rect (at 4.7 4.445 180) (size 2 0.6) (layers F.Cu F.Paste F.Mask)
      (net 22 /HALL_2))
    (pad 19 smd rect (at 4.7 3.175 180) (size 2 0.6) (layers F.Cu F.Paste F.Mask)
      (net 1 GND))
    (pad 20 smd rect (at 4.7 1.905 180) (size 2 0.6) (layers F.Cu F.Paste F.Mask)
      (net 2 +5V))
    (pad 21 smd rect (at 4.7 0.635 180) (size 2 0.6) (layers F.Cu F.Paste F.Mask)
      (net 12 /HALL_12))
    (pad 22 smd rect (at 4.7 -0.635 180) (size 2 0.6) (layers F.Cu F.Paste F.Mask)
      (net 21 /HALL_3))
    (pad 23 smd rect (at 4.7 -1.905 180) (size 2 0.6) (layers F.Cu F.Paste F.Mask)
      (net 13 /HALL_11))
    (pad 24 smd rect (at 4.7 -3.175 180) (size 2 0.6) (layers F.Cu F.Paste F.Mask)
      (net 20 /HALL_4))
    (pad 25 smd rect (at 4.7 -4.445 180) (size 2 0.6) (layers F.Cu F.Paste F.Mask)
      (net 14 /HALL_10))
    (pad 26 smd rect (at 4.7 -5.715 180) (size 2 0.6) (layers F.Cu F.Paste F.Mask)
      (net 19 /HALL_5))
    (pad 27 smd rect (at 4.7 -6.985 180) (size 2 0.6) (layers F.Cu F.Paste F.Mask)
      (net 29 /ICSPCLK))
    (pad 28 smd rect (at 4.7 -8.255 180) (size 2 0.6) (layers F.Cu F.Paste F.Mask)
      (net 30 /ICSPDAT))
    (model ${KISYS3DMOD}/Package_SO.3dshapes/SOIC-28W_7.5x18.7mm_P1.27mm.wrl
      (at (xyz 0 0 0))
      (scale (xyz 1 1 1))
      (rotate (xyz 0 0 0))
    )
  )

  (module Capacitor_SMD:C_0805_2012Metric_Pad1.15x1.40mm_HandSolder (layer B.Cu) (tedit 5B36C52B) (tstamp 5E4BB7E4)
    (at 136.906 97.536 90)
    (descr "Capacitor SMD 0805 (2012 Metric), square (rectangular) end terminal, IPC_7351 nominal with elongated pad for handsoldering. (Body size source: https://docs.google.com/spreadsheets/d/1BsfQQcO9C6DZCsRaXUlFlo91Tg2WpOkGARC1WS5S8t0/edit?usp=sharing), generated with kicad-footprint-generator")
    (tags "capacitor handsolder")
    (path /5E2D40B8)
    (attr smd)
    (fp_text reference C1 (at 3.556 0 270) (layer B.SilkS)
      (effects (font (size 1 1) (thickness 0.15)) (justify mirror))
    )
    (fp_text value 0.1uF (at 0 -1.65 90) (layer B.Fab)
      (effects (font (size 1 1) (thickness 0.15)) (justify mirror))
    )
    (fp_line (start 1.85 -0.95) (end -1.85 -0.95) (layer B.CrtYd) (width 0.05))
    (fp_line (start 1.85 0.95) (end 1.85 -0.95) (layer B.CrtYd) (width 0.05))
    (fp_line (start -1.85 0.95) (end 1.85 0.95) (layer B.CrtYd) (width 0.05))
    (fp_line (start -1.85 -0.95) (end -1.85 0.95) (layer B.CrtYd) (width 0.05))
    (fp_line (start -0.261252 -0.71) (end 0.261252 -0.71) (layer B.SilkS) (width 0.12))
    (fp_line (start -0.261252 0.71) (end 0.261252 0.71) (layer B.SilkS) (width 0.12))
    (fp_line (start 1 -0.6) (end -1 -0.6) (layer B.Fab) (width 0.1))
    (fp_line (start 1 0.6) (end 1 -0.6) (layer B.Fab) (width 0.1))
    (fp_line (start -1 0.6) (end 1 0.6) (layer B.Fab) (width 0.1))
    (fp_line (start -1 -0.6) (end -1 0.6) (layer B.Fab) (width 0.1))
    (fp_text user %R (at 0 0 90) (layer B.Fab)
      (effects (font (size 0.5 0.5) (thickness 0.08)) (justify mirror))
    )
    (pad 1 smd roundrect (at -1.025 0 90) (size 1.15 1.4) (layers B.Cu B.Paste B.Mask) (roundrect_rratio 0.217391)
      (net 1 GND))
    (pad 2 smd roundrect (at 1.025 0 90) (size 1.15 1.4) (layers B.Cu B.Paste B.Mask) (roundrect_rratio 0.217391)
      (net 2 +5V))
    (model ${KISYS3DMOD}/Capacitor_SMD.3dshapes/C_0805_2012Metric.wrl
      (at (xyz 0 0 0))
      (scale (xyz 1 1 1))
      (rotate (xyz 0 0 0))
    )
  )

  (module Capacitor_SMD:C_0805_2012Metric_Pad1.15x1.40mm_HandSolder (layer F.Cu) (tedit 5B36C52B) (tstamp 5E4BB7F5)
    (at 112.522 87.113 90)
    (descr "Capacitor SMD 0805 (2012 Metric), square (rectangular) end terminal, IPC_7351 nominal with elongated pad for handsoldering. (Body size source: https://docs.google.com/spreadsheets/d/1BsfQQcO9C6DZCsRaXUlFlo91Tg2WpOkGARC1WS5S8t0/edit?usp=sharing), generated with kicad-footprint-generator")
    (tags "capacitor handsolder")
    (path /5E2BF0FA)
    (attr smd)
    (fp_text reference C2 (at 0.009 -1.651 270) (layer F.SilkS)
      (effects (font (size 1 1) (thickness 0.15)))
    )
    (fp_text value 0.1uF (at 0 1.65 90) (layer F.Fab)
      (effects (font (size 1 1) (thickness 0.15)))
    )
    (fp_line (start 1.85 0.95) (end -1.85 0.95) (layer F.CrtYd) (width 0.05))
    (fp_line (start 1.85 -0.95) (end 1.85 0.95) (layer F.CrtYd) (width 0.05))
    (fp_line (start -1.85 -0.95) (end 1.85 -0.95) (layer F.CrtYd) (width 0.05))
    (fp_line (start -1.85 0.95) (end -1.85 -0.95) (layer F.CrtYd) (width 0.05))
    (fp_line (start -0.261252 0.71) (end 0.261252 0.71) (layer F.SilkS) (width 0.12))
    (fp_line (start -0.261252 -0.71) (end 0.261252 -0.71) (layer F.SilkS) (width 0.12))
    (fp_line (start 1 0.6) (end -1 0.6) (layer F.Fab) (width 0.1))
    (fp_line (start 1 -0.6) (end 1 0.6) (layer F.Fab) (width 0.1))
    (fp_line (start -1 -0.6) (end 1 -0.6) (layer F.Fab) (width 0.1))
    (fp_line (start -1 0.6) (end -1 -0.6) (layer F.Fab) (width 0.1))
    (fp_text user %R (at 0 0 90) (layer F.Fab)
      (effects (font (size 0.5 0.5) (thickness 0.08)))
    )
    (pad 1 smd roundrect (at -1.025 0 90) (size 1.15 1.4) (layers F.Cu F.Paste F.Mask) (roundrect_rratio 0.217391)
      (net 2 +5V))
    (pad 2 smd roundrect (at 1.025 0 90) (size 1.15 1.4) (layers F.Cu F.Paste F.Mask) (roundrect_rratio 0.217391)
      (net 1 GND))
    (model ${KISYS3DMOD}/Capacitor_SMD.3dshapes/C_0805_2012Metric.wrl
      (at (xyz 0 0 0))
      (scale (xyz 1 1 1))
      (rotate (xyz 0 0 0))
    )
  )

  (module Capacitor_SMD:C_0805_2012Metric_Pad1.15x1.40mm_HandSolder (layer B.Cu) (tedit 5B36C52B) (tstamp 5E4BB806)
    (at 122.682 98.18 90)
    (descr "Capacitor SMD 0805 (2012 Metric), square (rectangular) end terminal, IPC_7351 nominal with elongated pad for handsoldering. (Body size source: https://docs.google.com/spreadsheets/d/1BsfQQcO9C6DZCsRaXUlFlo91Tg2WpOkGARC1WS5S8t0/edit?usp=sharing), generated with kicad-footprint-generator")
    (tags "capacitor handsolder")
    (path /5E2EF2F4)
    (attr smd)
    (fp_text reference C3 (at 3.302 0 90) (layer B.SilkS)
      (effects (font (size 1 1) (thickness 0.15)) (justify mirror))
    )
    (fp_text value 10uF (at 0 -1.65 90) (layer B.Fab)
      (effects (font (size 1 1) (thickness 0.15)) (justify mirror))
    )
    (fp_line (start -1 -0.6) (end -1 0.6) (layer B.Fab) (width 0.1))
    (fp_line (start -1 0.6) (end 1 0.6) (layer B.Fab) (width 0.1))
    (fp_line (start 1 0.6) (end 1 -0.6) (layer B.Fab) (width 0.1))
    (fp_line (start 1 -0.6) (end -1 -0.6) (layer B.Fab) (width 0.1))
    (fp_line (start -0.261252 0.71) (end 0.261252 0.71) (layer B.SilkS) (width 0.12))
    (fp_line (start -0.261252 -0.71) (end 0.261252 -0.71) (layer B.SilkS) (width 0.12))
    (fp_line (start -1.85 -0.95) (end -1.85 0.95) (layer B.CrtYd) (width 0.05))
    (fp_line (start -1.85 0.95) (end 1.85 0.95) (layer B.CrtYd) (width 0.05))
    (fp_line (start 1.85 0.95) (end 1.85 -0.95) (layer B.CrtYd) (width 0.05))
    (fp_line (start 1.85 -0.95) (end -1.85 -0.95) (layer B.CrtYd) (width 0.05))
    (fp_text user %R (at 0 0 90) (layer B.Fab)
      (effects (font (size 0.5 0.5) (thickness 0.08)) (justify mirror))
    )
    (pad 2 smd roundrect (at 1.025 0 90) (size 1.15 1.4) (layers B.Cu B.Paste B.Mask) (roundrect_rratio 0.217391)
      (net 1 GND))
    (pad 1 smd roundrect (at -1.025 0 90) (size 1.15 1.4) (layers B.Cu B.Paste B.Mask) (roundrect_rratio 0.217391)
      (net 2 +5V))
    (model ${KISYS3DMOD}/Capacitor_SMD.3dshapes/C_0805_2012Metric.wrl
      (at (xyz 0 0 0))
      (scale (xyz 1 1 1))
      (rotate (xyz 0 0 0))
    )
  )

  (module LED_SMD:LED_1206_3216Metric_Pad1.42x1.75mm_HandSolder (layer F.Cu) (tedit 5B4B45C9) (tstamp 5E4BB819)
    (at 107.188 81.5705 270)
    (descr "LED SMD 1206 (3216 Metric), square (rectangular) end terminal, IPC_7351 nominal, (Body size source: http://www.tortai-tech.com/upload/download/2011102023233369053.pdf), generated with kicad-footprint-generator")
    (tags "LED handsolder")
    (path /5E2B83D8)
    (attr smd)
    (fp_text reference DB1 (at -0.0365 -2.032 270) (layer F.SilkS)
      (effects (font (size 1 1) (thickness 0.15)))
    )
    (fp_text value LED (at 0 1.82 270) (layer F.Fab)
      (effects (font (size 1 1) (thickness 0.15)))
    )
    (fp_line (start 1.6 -0.8) (end -1.2 -0.8) (layer F.Fab) (width 0.1))
    (fp_line (start -1.2 -0.8) (end -1.6 -0.4) (layer F.Fab) (width 0.1))
    (fp_line (start -1.6 -0.4) (end -1.6 0.8) (layer F.Fab) (width 0.1))
    (fp_line (start -1.6 0.8) (end 1.6 0.8) (layer F.Fab) (width 0.1))
    (fp_line (start 1.6 0.8) (end 1.6 -0.8) (layer F.Fab) (width 0.1))
    (fp_line (start 1.6 -1.135) (end -2.46 -1.135) (layer F.SilkS) (width 0.12))
    (fp_line (start -2.46 -1.135) (end -2.46 1.135) (layer F.SilkS) (width 0.12))
    (fp_line (start -2.46 1.135) (end 1.6 1.135) (layer F.SilkS) (width 0.12))
    (fp_line (start -2.45 1.12) (end -2.45 -1.12) (layer F.CrtYd) (width 0.05))
    (fp_line (start -2.45 -1.12) (end 2.45 -1.12) (layer F.CrtYd) (width 0.05))
    (fp_line (start 2.45 -1.12) (end 2.45 1.12) (layer F.CrtYd) (width 0.05))
    (fp_line (start 2.45 1.12) (end -2.45 1.12) (layer F.CrtYd) (width 0.05))
    (fp_text user %R (at 0 0 270) (layer F.Fab)
      (effects (font (size 0.8 0.8) (thickness 0.12)))
    )
    (pad 2 smd roundrect (at 1.4875 0 270) (size 1.425 1.75) (layers F.Cu F.Paste F.Mask) (roundrect_rratio 0.175439)
      (net 2 +5V))
    (pad 1 smd roundrect (at -1.4875 0 270) (size 1.425 1.75) (layers F.Cu F.Paste F.Mask) (roundrect_rratio 0.175439)
      (net 3 "Net-(DB1-Pad1)"))
    (model ${KISYS3DMOD}/LED_SMD.3dshapes/LED_1206_3216Metric.wrl
      (at (xyz 0 0 0))
      (scale (xyz 1 1 1))
      (rotate (xyz 0 0 0))
    )
  )

  (module LED_SMD:LED_1206_3216Metric_Pad1.42x1.75mm_HandSolder (layer F.Cu) (tedit 5B4B45C9) (tstamp 5E4BB82C)
    (at 107.188 74.676 270)
    (descr "LED SMD 1206 (3216 Metric), square (rectangular) end terminal, IPC_7351 nominal, (Body size source: http://www.tortai-tech.com/upload/download/2011102023233369053.pdf), generated with kicad-footprint-generator")
    (tags "LED handsolder")
    (path /5E2B71AF)
    (attr smd)
    (fp_text reference DR1 (at 0 -2.032 270) (layer F.SilkS)
      (effects (font (size 1 1) (thickness 0.15)))
    )
    (fp_text value LED (at 0 1.82 270) (layer F.Fab)
      (effects (font (size 1 1) (thickness 0.15)))
    )
    (fp_line (start 2.45 1.12) (end -2.45 1.12) (layer F.CrtYd) (width 0.05))
    (fp_line (start 2.45 -1.12) (end 2.45 1.12) (layer F.CrtYd) (width 0.05))
    (fp_line (start -2.45 -1.12) (end 2.45 -1.12) (layer F.CrtYd) (width 0.05))
    (fp_line (start -2.45 1.12) (end -2.45 -1.12) (layer F.CrtYd) (width 0.05))
    (fp_line (start -2.46 1.135) (end 1.6 1.135) (layer F.SilkS) (width 0.12))
    (fp_line (start -2.46 -1.135) (end -2.46 1.135) (layer F.SilkS) (width 0.12))
    (fp_line (start 1.6 -1.135) (end -2.46 -1.135) (layer F.SilkS) (width 0.12))
    (fp_line (start 1.6 0.8) (end 1.6 -0.8) (layer F.Fab) (width 0.1))
    (fp_line (start -1.6 0.8) (end 1.6 0.8) (layer F.Fab) (width 0.1))
    (fp_line (start -1.6 -0.4) (end -1.6 0.8) (layer F.Fab) (width 0.1))
    (fp_line (start -1.2 -0.8) (end -1.6 -0.4) (layer F.Fab) (width 0.1))
    (fp_line (start 1.6 -0.8) (end -1.2 -0.8) (layer F.Fab) (width 0.1))
    (fp_text user %R (at 0 0 270) (layer F.Fab)
      (effects (font (size 0.8 0.8) (thickness 0.12)))
    )
    (pad 1 smd roundrect (at -1.4875 0 270) (size 1.425 1.75) (layers F.Cu F.Paste F.Mask) (roundrect_rratio 0.175439)
      (net 4 "Net-(DR1-Pad1)"))
    (pad 2 smd roundrect (at 1.4875 0 270) (size 1.425 1.75) (layers F.Cu F.Paste F.Mask) (roundrect_rratio 0.175439)
      (net 2 +5V))
    (model ${KISYS3DMOD}/LED_SMD.3dshapes/LED_1206_3216Metric.wrl
      (at (xyz 0 0 0))
      (scale (xyz 1 1 1))
      (rotate (xyz 0 0 0))
    )
  )

  (module LED_SMD:LED_1206_3216Metric_Pad1.42x1.75mm_HandSolder (layer F.Cu) (tedit 5B4B45C9) (tstamp 5E4BB83F)
    (at 107.188 88.646 270)
    (descr "LED SMD 1206 (3216 Metric), square (rectangular) end terminal, IPC_7351 nominal, (Body size source: http://www.tortai-tech.com/upload/download/2011102023233369053.pdf), generated with kicad-footprint-generator")
    (tags "LED handsolder")
    (path /5E2B8A50)
    (attr smd)
    (fp_text reference DW1 (at 0.0365 -2.032 270) (layer F.SilkS)
      (effects (font (size 1 1) (thickness 0.15)))
    )
    (fp_text value LED (at 0 1.82 270) (layer F.Fab)
      (effects (font (size 1 1) (thickness 0.15)))
    )
    (fp_line (start 2.45 1.12) (end -2.45 1.12) (layer F.CrtYd) (width 0.05))
    (fp_line (start 2.45 -1.12) (end 2.45 1.12) (layer F.CrtYd) (width 0.05))
    (fp_line (start -2.45 -1.12) (end 2.45 -1.12) (layer F.CrtYd) (width 0.05))
    (fp_line (start -2.45 1.12) (end -2.45 -1.12) (layer F.CrtYd) (width 0.05))
    (fp_line (start -2.46 1.135) (end 1.6 1.135) (layer F.SilkS) (width 0.12))
    (fp_line (start -2.46 -1.135) (end -2.46 1.135) (layer F.SilkS) (width 0.12))
    (fp_line (start 1.6 -1.135) (end -2.46 -1.135) (layer F.SilkS) (width 0.12))
    (fp_line (start 1.6 0.8) (end 1.6 -0.8) (layer F.Fab) (width 0.1))
    (fp_line (start -1.6 0.8) (end 1.6 0.8) (layer F.Fab) (width 0.1))
    (fp_line (start -1.6 -0.4) (end -1.6 0.8) (layer F.Fab) (width 0.1))
    (fp_line (start -1.2 -0.8) (end -1.6 -0.4) (layer F.Fab) (width 0.1))
    (fp_line (start 1.6 -0.8) (end -1.2 -0.8) (layer F.Fab) (width 0.1))
    (fp_text user %R (at 0 0 270) (layer F.Fab)
      (effects (font (size 0.8 0.8) (thickness 0.12)))
    )
    (pad 1 smd roundrect (at -1.4875 0 270) (size 1.425 1.75) (layers F.Cu F.Paste F.Mask) (roundrect_rratio 0.175439)
      (net 5 "Net-(DW1-Pad1)"))
    (pad 2 smd roundrect (at 1.4875 0 270) (size 1.425 1.75) (layers F.Cu F.Paste F.Mask) (roundrect_rratio 0.175439)
      (net 2 +5V))
    (model ${KISYS3DMOD}/LED_SMD.3dshapes/LED_1206_3216Metric.wrl
      (at (xyz 0 0 0))
      (scale (xyz 1 1 1))
      (rotate (xyz 0 0 0))
    )
  )

  (module Resistor_SMD:R_0805_2012Metric_Pad1.15x1.40mm_HandSolder (layer F.Cu) (tedit 5B36C52B) (tstamp 5E4BB87A)
    (at 103.632 74.667 270)
    (descr "Resistor SMD 0805 (2012 Metric), square (rectangular) end terminal, IPC_7351 nominal with elongated pad for handsoldering. (Body size source: https://docs.google.com/spreadsheets/d/1BsfQQcO9C6DZCsRaXUlFlo91Tg2WpOkGARC1WS5S8t0/edit?usp=sharing), generated with kicad-footprint-generator")
    (tags "resistor handsolder")
    (path /5E2B9CCB)
    (attr smd)
    (fp_text reference R1 (at 0 -1.65 270) (layer F.SilkS)
      (effects (font (size 1 1) (thickness 0.15)))
    )
    (fp_text value 330R (at 0 1.65 270) (layer F.Fab)
      (effects (font (size 1 1) (thickness 0.15)))
    )
    (fp_line (start -1 0.6) (end -1 -0.6) (layer F.Fab) (width 0.1))
    (fp_line (start -1 -0.6) (end 1 -0.6) (layer F.Fab) (width 0.1))
    (fp_line (start 1 -0.6) (end 1 0.6) (layer F.Fab) (width 0.1))
    (fp_line (start 1 0.6) (end -1 0.6) (layer F.Fab) (width 0.1))
    (fp_line (start -0.261252 -0.71) (end 0.261252 -0.71) (layer F.SilkS) (width 0.12))
    (fp_line (start -0.261252 0.71) (end 0.261252 0.71) (layer F.SilkS) (width 0.12))
    (fp_line (start -1.85 0.95) (end -1.85 -0.95) (layer F.CrtYd) (width 0.05))
    (fp_line (start -1.85 -0.95) (end 1.85 -0.95) (layer F.CrtYd) (width 0.05))
    (fp_line (start 1.85 -0.95) (end 1.85 0.95) (layer F.CrtYd) (width 0.05))
    (fp_line (start 1.85 0.95) (end -1.85 0.95) (layer F.CrtYd) (width 0.05))
    (fp_text user %R (at 0 0 270) (layer F.Fab)
      (effects (font (size 0.5 0.5) (thickness 0.08)))
    )
    (pad 2 smd roundrect (at 1.025 0 270) (size 1.15 1.4) (layers F.Cu F.Paste F.Mask) (roundrect_rratio 0.217391)
      (net 6 "Net-(R1-Pad2)"))
    (pad 1 smd roundrect (at -1.025 0 270) (size 1.15 1.4) (layers F.Cu F.Paste F.Mask) (roundrect_rratio 0.217391)
      (net 4 "Net-(DR1-Pad1)"))
    (model ${KISYS3DMOD}/Resistor_SMD.3dshapes/R_0805_2012Metric.wrl
      (at (xyz 0 0 0))
      (scale (xyz 1 1 1))
      (rotate (xyz 0 0 0))
    )
  )

  (module Resistor_SMD:R_0805_2012Metric_Pad1.15x1.40mm_HandSolder (layer F.Cu) (tedit 5B36C52B) (tstamp 5E4BB88B)
    (at 103.632 81.543 270)
    (descr "Resistor SMD 0805 (2012 Metric), square (rectangular) end terminal, IPC_7351 nominal with elongated pad for handsoldering. (Body size source: https://docs.google.com/spreadsheets/d/1BsfQQcO9C6DZCsRaXUlFlo91Tg2WpOkGARC1WS5S8t0/edit?usp=sharing), generated with kicad-footprint-generator")
    (tags "resistor handsolder")
    (path /5E2BA542)
    (attr smd)
    (fp_text reference R2 (at 0 -1.65 270) (layer F.SilkS)
      (effects (font (size 1 1) (thickness 0.15)))
    )
    (fp_text value 330R (at 0 1.65 270) (layer F.Fab)
      (effects (font (size 1 1) (thickness 0.15)))
    )
    (fp_line (start 1.85 0.95) (end -1.85 0.95) (layer F.CrtYd) (width 0.05))
    (fp_line (start 1.85 -0.95) (end 1.85 0.95) (layer F.CrtYd) (width 0.05))
    (fp_line (start -1.85 -0.95) (end 1.85 -0.95) (layer F.CrtYd) (width 0.05))
    (fp_line (start -1.85 0.95) (end -1.85 -0.95) (layer F.CrtYd) (width 0.05))
    (fp_line (start -0.261252 0.71) (end 0.261252 0.71) (layer F.SilkS) (width 0.12))
    (fp_line (start -0.261252 -0.71) (end 0.261252 -0.71) (layer F.SilkS) (width 0.12))
    (fp_line (start 1 0.6) (end -1 0.6) (layer F.Fab) (width 0.1))
    (fp_line (start 1 -0.6) (end 1 0.6) (layer F.Fab) (width 0.1))
    (fp_line (start -1 -0.6) (end 1 -0.6) (layer F.Fab) (width 0.1))
    (fp_line (start -1 0.6) (end -1 -0.6) (layer F.Fab) (width 0.1))
    (fp_text user %R (at 0 0 270) (layer F.Fab)
      (effects (font (size 0.5 0.5) (thickness 0.08)))
    )
    (pad 1 smd roundrect (at -1.025 0 270) (size 1.15 1.4) (layers F.Cu F.Paste F.Mask) (roundrect_rratio 0.217391)
      (net 3 "Net-(DB1-Pad1)"))
    (pad 2 smd roundrect (at 1.025 0 270) (size 1.15 1.4) (layers F.Cu F.Paste F.Mask) (roundrect_rratio 0.217391)
      (net 7 "Net-(R2-Pad2)"))
    (model ${KISYS3DMOD}/Resistor_SMD.3dshapes/R_0805_2012Metric.wrl
      (at (xyz 0 0 0))
      (scale (xyz 1 1 1))
      (rotate (xyz 0 0 0))
    )
  )

  (module Resistor_SMD:R_0805_2012Metric_Pad1.15x1.40mm_HandSolder (layer F.Cu) (tedit 5B36C52B) (tstamp 5E4BB89C)
    (at 103.632 88.637 270)
    (descr "Resistor SMD 0805 (2012 Metric), square (rectangular) end terminal, IPC_7351 nominal with elongated pad for handsoldering. (Body size source: https://docs.google.com/spreadsheets/d/1BsfQQcO9C6DZCsRaXUlFlo91Tg2WpOkGARC1WS5S8t0/edit?usp=sharing), generated with kicad-footprint-generator")
    (tags "resistor handsolder")
    (path /5E2BA9A0)
    (attr smd)
    (fp_text reference R3 (at 0 -1.65 270) (layer F.SilkS)
      (effects (font (size 1 1) (thickness 0.15)))
    )
    (fp_text value 330R (at 0 1.65 270) (layer F.Fab)
      (effects (font (size 1 1) (thickness 0.15)))
    )
    (fp_line (start -1 0.6) (end -1 -0.6) (layer F.Fab) (width 0.1))
    (fp_line (start -1 -0.6) (end 1 -0.6) (layer F.Fab) (width 0.1))
    (fp_line (start 1 -0.6) (end 1 0.6) (layer F.Fab) (width 0.1))
    (fp_line (start 1 0.6) (end -1 0.6) (layer F.Fab) (width 0.1))
    (fp_line (start -0.261252 -0.71) (end 0.261252 -0.71) (layer F.SilkS) (width 0.12))
    (fp_line (start -0.261252 0.71) (end 0.261252 0.71) (layer F.SilkS) (width 0.12))
    (fp_line (start -1.85 0.95) (end -1.85 -0.95) (layer F.CrtYd) (width 0.05))
    (fp_line (start -1.85 -0.95) (end 1.85 -0.95) (layer F.CrtYd) (width 0.05))
    (fp_line (start 1.85 -0.95) (end 1.85 0.95) (layer F.CrtYd) (width 0.05))
    (fp_line (start 1.85 0.95) (end -1.85 0.95) (layer F.CrtYd) (width 0.05))
    (fp_text user %R (at 0 0 270) (layer F.Fab)
      (effects (font (size 0.5 0.5) (thickness 0.08)))
    )
    (pad 2 smd roundrect (at 1.025 0 270) (size 1.15 1.4) (layers F.Cu F.Paste F.Mask) (roundrect_rratio 0.217391)
      (net 8 "Net-(R3-Pad2)"))
    (pad 1 smd roundrect (at -1.025 0 270) (size 1.15 1.4) (layers F.Cu F.Paste F.Mask) (roundrect_rratio 0.217391)
      (net 5 "Net-(DW1-Pad1)"))
    (model ${KISYS3DMOD}/Resistor_SMD.3dshapes/R_0805_2012Metric.wrl
      (at (xyz 0 0 0))
      (scale (xyz 1 1 1))
      (rotate (xyz 0 0 0))
    )
  )

  (module Resistor_SMD:R_0805_2012Metric_Pad1.15x1.40mm_HandSolder (layer B.Cu) (tedit 5B36C52B) (tstamp 5E4BB8AD)
    (at 111.007 101.092)
    (descr "Resistor SMD 0805 (2012 Metric), square (rectangular) end terminal, IPC_7351 nominal with elongated pad for handsoldering. (Body size source: https://docs.google.com/spreadsheets/d/1BsfQQcO9C6DZCsRaXUlFlo91Tg2WpOkGARC1WS5S8t0/edit?usp=sharing), generated with kicad-footprint-generator")
    (tags "resistor handsolder")
    (path /5E2C3EB5)
    (attr smd)
    (fp_text reference R4 (at -0.009 2.032 90) (layer B.SilkS)
      (effects (font (size 1 1) (thickness 0.15)) (justify mirror))
    )
    (fp_text value 10K (at 0 -1.65) (layer B.Fab)
      (effects (font (size 1 1) (thickness 0.15)) (justify mirror))
    )
    (fp_line (start 1.85 -0.95) (end -1.85 -0.95) (layer B.CrtYd) (width 0.05))
    (fp_line (start 1.85 0.95) (end 1.85 -0.95) (layer B.CrtYd) (width 0.05))
    (fp_line (start -1.85 0.95) (end 1.85 0.95) (layer B.CrtYd) (width 0.05))
    (fp_line (start -1.85 -0.95) (end -1.85 0.95) (layer B.CrtYd) (width 0.05))
    (fp_line (start -0.261252 -0.71) (end 0.261252 -0.71) (layer B.SilkS) (width 0.12))
    (fp_line (start -0.261252 0.71) (end 0.261252 0.71) (layer B.SilkS) (width 0.12))
    (fp_line (start 1 -0.6) (end -1 -0.6) (layer B.Fab) (width 0.1))
    (fp_line (start 1 0.6) (end 1 -0.6) (layer B.Fab) (width 0.1))
    (fp_line (start -1 0.6) (end 1 0.6) (layer B.Fab) (width 0.1))
    (fp_line (start -1 -0.6) (end -1 0.6) (layer B.Fab) (width 0.1))
    (fp_text user %R (at 0 0) (layer B.Fab)
      (effects (font (size 0.5 0.5) (thickness 0.08)) (justify mirror))
    )
    (pad 1 smd roundrect (at -1.025 0) (size 1.15 1.4) (layers B.Cu B.Paste B.Mask) (roundrect_rratio 0.217391)
      (net 2 +5V))
    (pad 2 smd roundrect (at 1.025 0) (size 1.15 1.4) (layers B.Cu B.Paste B.Mask) (roundrect_rratio 0.217391)
      (net 9 /~MCLR))
    (model ${KISYS3DMOD}/Resistor_SMD.3dshapes/R_0805_2012Metric.wrl
      (at (xyz 0 0 0))
      (scale (xyz 1 1 1))
      (rotate (xyz 0 0 0))
    )
  )

  (module Resistor_SMD:R_0805_2012Metric_Pad1.15x1.40mm_HandSolder (layer B.Cu) (tedit 5B36C52B) (tstamp 5E4BB8BE)
    (at 110.998 72.145 270)
    (descr "Resistor SMD 0805 (2012 Metric), square (rectangular) end terminal, IPC_7351 nominal with elongated pad for handsoldering. (Body size source: https://docs.google.com/spreadsheets/d/1BsfQQcO9C6DZCsRaXUlFlo91Tg2WpOkGARC1WS5S8t0/edit?usp=sharing), generated with kicad-footprint-generator")
    (tags "resistor handsolder")
    (path /5E532A5D)
    (attr smd)
    (fp_text reference R6 (at -0.009 -1.524 270) (layer B.SilkS)
      (effects (font (size 1 1) (thickness 0.15)) (justify mirror))
    )
    (fp_text value 10K (at 0 -1.65 270) (layer B.Fab)
      (effects (font (size 1 1) (thickness 0.15)) (justify mirror))
    )
