(kicad_pcb (version 20171130) (host pcbnew 5.0.0)

  (general
    (thickness 1.6)
    (drawings 5)
    (tracks 288)
    (zones 0)
    (modules 31)
    (nets 41)
  )

  (page A4)
  (layers
    (0 F.Cu signal)
    (31 B.Cu signal)
    (32 B.Adhes user)
    (33 F.Adhes user)
    (34 B.Paste user)
    (35 F.Paste user)
    (36 B.SilkS user hide)
    (37 F.SilkS user)
    (38 B.Mask user)
    (39 F.Mask user hide)
    (40 Dwgs.User user)
    (41 Cmts.User user)
    (42 Eco1.User user)
    (43 Eco2.User user)
    (44 Edge.Cuts user)
    (45 Margin user)
    (46 B.CrtYd user)
    (47 F.CrtYd user)
    (48 B.Fab user)
    (49 F.Fab user)
  )

  (setup
    (last_trace_width 0.153)
    (trace_clearance 0.153)
    (zone_clearance 0.16)
    (zone_45_only no)
    (trace_min 0.153)
    (segment_width 0.2)
    (edge_width 0.15)
    (via_size 0.8)
    (via_drill 0.4)
    (via_min_size 0.4)
    (via_min_drill 0.3)
    (uvia_size 0.3)
    (uvia_drill 0.1)
    (uvias_allowed no)
    (uvia_min_size 0.2)
    (uvia_min_drill 0.1)
    (pcb_text_width 0.3)
    (pcb_text_size 1.5 1.5)
    (mod_edge_width 0.15)
    (mod_text_size 1 1)
    (mod_text_width 0.15)
    (pad_size 1.524 1.524)
    (pad_drill 0.762)
    (pad_to_mask_clearance 0.2)
    (aux_axis_origin 0 0)
    (visible_elements FFFFFF7F)
    (pcbplotparams
      (layerselection 0x010fc_ffffffff)
      (usegerberextensions false)
      (usegerberattributes false)
      (usegerberadvancedattributes false)
      (creategerberjobfile false)
      (excludeedgelayer true)
      (linewidth 0.100000)
      (plotframeref false)
      (viasonmask false)
      (mode 1)
      (useauxorigin false)
      (hpglpennumber 1)
      (hpglpenspeed 20)
      (hpglpendiameter 15.000000)
      (psnegative false)
      (psa4output false)
      (plotreference true)
      (plotvalue true)
      (plotinvisibletext false)
      (padsonsilk false)
      (subtractmaskfromsilk false)
      (outputformat 1)
      (mirror false)
      (drillshape 1)
      (scaleselection 1)
      (outputdirectory ""))
  )

  (net 0 "")
  (net 1 GND)
  (net 2 +3V3)
  (net 3 "Net-(C3-Pad1)")
  (net 4 /OSC1)
  (net 5 /OSC2)
  (net 6 +5V)
  (net 7 "Net-(D1-Pad2)")
  (net 8 "Net-(D1-Pad1)")
  (net 9 "Net-(D2-Pad1)")
  (net 10 "Net-(D2-Pad2)")
  (net 11 "Net-(F1-Pad1)")
  (net 12 "Net-(F1-Pad2)")
  (net 13 /ICSPDAT)
  (net 14 /~MCLR)
  (net 15 /ICSPCLK)
  (net 16 "Net-(J2-Pad9)")
  (net 17 "Net-(J2-Pad8)")
  (net 18 "Net-(J2-Pad1)")
  (net 19 "Net-(J3-Pad1)")
  (net 20 "Net-(J3-Pad8)")
  (net 21 "Net-(J3-Pad9)")
  (net 22 CANL)
  (net 23 "Net-(J4-Pad5)")
  (net 24 CANH)
  (net 25 CURR_AMP)
  (net 26 "Net-(U1-Pad5)")
  (net 27 /CANTX)
  (net 28 /CANRX)
  (net 29 "Net-(U3-Pad4)")
  (net 30 /SD1_CS)
  (net 31 /SD1_MOSI)
  (net 32 /SD1_SCLK)
  (net 33 /SD1_MISO)
  (net 34 /SD2_SCLK)
  (net 35 /SD2_MISO)
  (net 36 /SD2_MOSI)
  (net 37 /SD2_CS)
  (net 38 "Net-(U1-Pad23)")
  (net 39 "Net-(U1-Pad26)")
  (net 40 "Net-(U1-Pad2)")

  (net_class Default "This is the default net class."
    (clearance 0.153)
    (trace_width 0.153)
    (via_dia 0.8)
    (via_drill 0.4)
    (uvia_dia 0.3)
    (uvia_drill 0.1)
    (add_net /CANRX)
    (add_net /CANTX)
    (add_net /ICSPCLK)
    (add_net /ICSPDAT)
    (add_net /OSC1)
    (add_net /OSC2)
    (add_net /SD1_CS)
    (add_net /SD1_MISO)
    (add_net /SD1_MOSI)
    (add_net /SD1_SCLK)
    (add_net /SD2_CS)
    (add_net /SD2_MISO)
    (add_net /SD2_MOSI)
    (add_net /SD2_SCLK)
    (add_net /~MCLR)
    (add_net CANH)
    (add_net CANL)
    (add_net CURR_AMP)
    (add_net "Net-(D1-Pad1)")
    (add_net "Net-(D1-Pad2)")
    (add_net "Net-(D2-Pad1)")
    (add_net "Net-(D2-Pad2)")
    (add_net "Net-(J2-Pad1)")
    (add_net "Net-(J2-Pad8)")
    (add_net "Net-(J2-Pad9)")
    (add_net "Net-(J3-Pad1)")
    (add_net "Net-(J3-Pad8)")
    (add_net "Net-(J3-Pad9)")
    (add_net "Net-(J4-Pad5)")
    (add_net "Net-(U1-Pad2)")
    (add_net "Net-(U1-Pad23)")
    (add_net "Net-(U1-Pad26)")
    (add_net "Net-(U1-Pad5)")
    (add_net "Net-(U3-Pad4)")
  )

  (net_class Power ""
    (clearance 0.153)
    (trace_width 0.306)
    (via_dia 0.8)
    (via_drill 0.4)
    (uvia_dia 0.3)
    (uvia_drill 0.1)
    (add_net +3V3)
    (add_net +5V)
    (add_net GND)
    (add_net "Net-(C3-Pad1)")
    (add_net "Net-(F1-Pad1)")
    (add_net "Net-(F1-Pad2)")
  )

  (module MountingHole:MountingHole_3.2mm_M3_ISO7380 (layer F.Cu) (tedit 5BB6512D) (tstamp 5BCC3629)
    (at 122.1 92)
    (descr "Mounting Hole 3.2mm, no annular, M3, ISO7380")
    (tags "mounting hole 3.2mm no annular m3 iso7380")
    (attr virtual)
    (fp_text reference REF** (at 0 -3.85) (layer F.SilkS) hide
      (effects (font (size 1 1) (thickness 0.15)))
    )
    (fp_text value MountingHole_3.2mm_M3_ISO7380 (at 0 3.85) (layer F.Fab)
      (effects (font (size 1 1) (thickness 0.15)))
    )
    (fp_text user %R (at 0.3 0) (layer F.Fab)
      (effects (font (size 1 1) (thickness 0.15)))
    )
    (fp_circle (center 0 0) (end 2.85 0) (layer Cmts.User) (width 0.15))
    (fp_circle (center 0 0) (end 3.1 0) (layer F.CrtYd) (width 0.05))
    (pad 1 np_thru_hole circle (at 0 0) (size 3.2 3.2) (drill 3.2) (layers *.Cu *.Mask))
  )

  (module Fuse:Fuse_1206_3216Metric_Pad1.42x1.75mm_HandSolder (layer F.Cu) (tedit 5B301BBE) (tstamp 5BCC2C2C)
    (at 89.05 81.6625 270)
    (descr "Fuse SMD 1206 (3216 Metric), square (rectangular) end terminal, IPC_7351 nominal with elongated pad for handsoldering. (Body size source: http://www.tortai-tech.com/upload/download/2011102023233369053.pdf), generated with kicad-footprint-generator")
    (tags "resistor handsolder")
    (path /5BA13536/5BAC77C2)
    (attr smd)
    (fp_text reference F1 (at 3.3125 -0.1) (layer F.SilkS)
      (effects (font (size 1 1) (thickness 0.15)))
    )
    (fp_text value Polyfuse (at 0 1.82 270) (layer F.Fab)
      (effects (font (size 1 1) (thickness 0.15)))
    )
    (fp_line (start -1.6 0.8) (end -1.6 -0.8) (layer F.Fab) (width 0.1))
    (fp_line (start -1.6 -0.8) (end 1.6 -0.8) (layer F.Fab) (width 0.1))
    (fp_line (start 1.6 -0.8) (end 1.6 0.8) (layer F.Fab) (width 0.1))
    (fp_line (start 1.6 0.8) (end -1.6 0.8) (layer F.Fab) (width 0.1))
    (fp_line (start -0.602064 -0.91) (end 0.602064 -0.91) (layer F.SilkS) (width 0.12))
    (fp_line (start -0.602064 0.91) (end 0.602064 0.91) (layer F.SilkS) (width 0.12))
    (fp_line (start -2.45 1.12) (end -2.45 -1.12) (layer F.CrtYd) (width 0.05))
    (fp_line (start -2.45 -1.12) (end 2.45 -1.12) (layer F.CrtYd) (width 0.05))
    (fp_line (start 2.45 -1.12) (end 2.45 1.12) (layer F.CrtYd) (width 0.05))
    (fp_line (start 2.45 1.12) (end -2.45 1.12) (layer F.CrtYd) (width 0.05))
    (fp_text user %R (at 0 0 270) (layer F.Fab)
      (effects (font (size 0.8 0.8) (thickness 0.12)))
    )
    (pad 1 smd roundrect (at -1.4875 0 270) (size 1.425 1.75) (layers F.Cu F.Paste F.Mask) (roundrect_rratio 0.175439)
      (net 11 "Net-(F1-Pad1)"))
    (pad 2 smd roundrect (at 1.4875 0 270) (size 1.425 1.75) (layers F.Cu F.Paste F.Mask) (roundrect_rratio 0.175439)
      (net 12 "Net-(F1-Pad2)"))
    (model ${KISYS3DMOD}/Fuse.3dshapes/Fuse_1206_3216Metric.wrl
      (at (xyz 0 0 0))
      (scale (xyz 1 1 1))
      (rotate (xyz 0 0 0))
    )
  )

  (module Package_SO:SOIC-8_3.9x4.9mm_P1.27mm (layer F.Cu) (tedit 5BB027DA) (tstamp 5BBC9AA3)
    (at 84.885 71.05 270)
    (descr "8-Lead Plastic Small Outline (SN) - Narrow, 3.90 mm Body [SOIC] (see Microchip Packaging Specification 00000049BS.pdf)")
    (tags "SOIC 1.27")
    (path /5B9EA850)
    (attr smd)
    (fp_text reference U2 (at -4.5 -0.035) (layer F.SilkS)
      (effects (font (size 1 1) (thickness 0.15)))
    )
    (fp_text value MCP2562 (at 0 3.5 270) (layer F.Fab)
      (effects (font (size 1 1) (thickness 0.15)))
    )
    (fp_text user %R (at 0 0 270) (layer F.Fab)
      (effects (font (size 1 1) (thickness 0.15)))
    )
    (fp_line (start -0.95 -2.45) (end 1.95 -2.45) (layer F.Fab) (width 0.1))
    (fp_line (start 1.95 -2.45) (end 1.95 2.45) (layer F.Fab) (width 0.1))
    (fp_line (start 1.95 2.45) (end -1.95 2.45) (layer F.Fab) (width 0.1))
    (fp_line (start -1.95 2.45) (end -1.95 -1.45) (layer F.Fab) (width 0.1))
    (fp_line (start -1.95 -1.45) (end -0.95 -2.45) (layer F.Fab) (width 0.1))
    (fp_line (start -3.73 -2.7) (end -3.73 2.7) (layer F.CrtYd) (width 0.05))
    (fp_line (start 3.73 -2.7) (end 3.73 2.7) (layer F.CrtYd) (width 0.05))
    (fp_line (start -3.73 -2.7) (end 3.73 -2.7) (layer F.CrtYd) (width 0.05))
    (fp_line (start -3.73 2.7) (end 3.73 2.7) (layer F.CrtYd) (width 0.05))
    (fp_line (start -2.075 -2.575) (end -2.075 -2.525) (layer F.SilkS) (width 0.15))
    (fp_line (start 2.075 -2.575) (end 2.075 -2.43) (layer F.SilkS) (width 0.15))
    (fp_line (start 2.075 2.575) (end 2.075 2.43) (layer F.SilkS) (width 0.15))
    (fp_line (start -2.075 2.575) (end -2.075 2.43) (layer F.SilkS) (width 0.15))
    (fp_line (start -2.075 -2.575) (end 2.075 -2.575) (layer F.SilkS) (width 0.15))
    (fp_line (start -2.075 2.575) (end 2.075 2.575) (layer F.SilkS) (width 0.15))
    (fp_line (start -2.075 -2.525) (end -3.475 -2.525) (layer F.SilkS) (width 0.15))
    (pad 1 smd rect (at -2.7 -1.905 270) (size 1.55 0.6) (layers F.Cu F.Paste F.Mask)
      (net 27 /CANTX))
    (pad 2 smd rect (at -2.7 -0.635 270) (size 1.55 0.6) (layers F.Cu F.Paste F.Mask)
      (net 1 GND))
    (pad 3 smd rect (at -2.7 0.635 270) (size 1.55 0.6) (layers F.Cu F.Paste F.Mask)
      (net 6 +5V))
    (pad 4 smd rect (at -2.7 1.905 270) (size 1.55 0.6) (layers F.Cu F.Paste F.Mask)
      (net 28 /CANRX))
    (pad 5 smd rect (at 2.7 1.905 270) (size 1.55 0.6) (layers F.Cu F.Paste F.Mask)
      (net 2 +3V3))
    (pad 6 smd rect (at 2.7 0.635 270) (size 1.55 0.6) (layers F.Cu F.Paste F.Mask)
      (net 22 CANL))
    (pad 7 smd rect (at 2.7 -0.635 270) (size 1.55 0.6) (layers F.Cu F.Paste F.Mask)
      (net 24 CANH))
    (pad 8 smd rect (at 2.7 -1.905 270) (size 1.55 0.6) (layers F.Cu F.Paste F.Mask)
      (net 1 GND))
    (model ${KISYS3DMOD}/Package_SO.3dshapes/SOIC-8_3.9x4.9mm_P1.27mm.wrl
      (at (xyz 0 0 0))
      (scale (xyz 1 1 1))
      (rotate (xyz 0 0 0))
    )
  )

  (module Capacitor_SMD:C_0805_2012Metric_Pad1.15x1.40mm_HandSolder (layer F.Cu) (tedit 5B36C52B) (tstamp 5BAFF9E1)
    (at 83.6 59.175 90)
    (descr "Capacitor SMD 0805 (2012 Metric), square (rectangular) end terminal, IPC_7351 nominal with elongated pad for handsoldering. (Body size source: https://docs.google.com/spreadsheets/d/1BsfQQcO9C6DZCsRaXUlFlo91Tg2WpOkGARC1WS5S8t0/edit?usp=sharing), generated with kicad-footprint-generator")
    (tags "capacitor handsolder")
    (path /5B9D7D87/5B9D8023)
    (attr smd)
    (fp_text reference C6 (at -2.945 0 90) (layer F.SilkS)
      (effects (font (size 1 1) (thickness 0.15)))
    )
    (fp_text value 4.7uF (at 0 1.65 90) (layer F.Fab)
      (effects (font (size 1 1) (thickness 0.15)))
    )
    (fp_text user %R (at 0 0 90) (layer F.Fab)
      (effects (font (size 0.5 0.5) (thickness 0.08)))
    )
    (fp_line (start 1.85 0.95) (end -1.85 0.95) (layer F.CrtYd) (width 0.05))
    (fp_line (start 1.85 -0.95) (end 1.85 0.95) (layer F.CrtYd) (width 0.05))
    (fp_line (start -1.85 -0.95) (end 1.85 -0.95) (layer F.CrtYd) (width 0.05))
    (fp_line (start -1.85 0.95) (end -1.85 -0.95) (layer F.CrtYd) (width 0.05))
    (fp_line (start -0.261252 0.71) (end 0.261252 0.71) (layer F.SilkS) (width 0.12))
    (fp_line (start -0.261252 -0.71) (end 0.261252 -0.71) (layer F.SilkS) (width 0.12))
    (fp_line (start 1 0.6) (end -1 0.6) (layer F.Fab) (width 0.1))
    (fp_line (start 1 -0.6) (end 1 0.6) (layer F.Fab) (width 0.1))
    (fp_line (start -1 -0.6) (end 1 -0.6) (layer F.Fab) (width 0.1))
    (fp_line (start -1 0.6) (end -1 -0.6) (layer F.Fab) (width 0.1))
    (pad 2 smd roundrect (at 1.025 0 90) (size 1.15 1.4) (layers F.Cu F.Paste F.Mask) (roundrect_rratio 0.217391)
      (net 1 GND))
    (pad 1 smd roundrect (at -1.025 0 90) (size 1.15 1.4) (layers F.Cu F.Paste F.Mask) (roundrect_rratio 0.217391)
      (net 2 +3V3))
    (model ${KISYS3DMOD}/Capacitor_SMD.3dshapes/C_0805_2012Metric.wrl
      (at (xyz 0 0 0))
      (scale (xyz 1 1 1))
      (rotate (xyz 0 0 0))
    )
  )

  (module canhw_footprints:microSD_Molex_WM6698CT-ND (layer F.Cu) (tedit 5BAD20FC) (tstamp 5BCC0498)
    (at 118.15 51.6 180)
    (descr http://katalog.we-online.de/em/datasheet/693072010801.pdf)
    (tags "Micro SD Wuerth Wurth Würth")
    (path /5B9D8C66/5B9D7E5B)
    (attr smd)
    (fp_text reference J3 (at 6.69 -7.58 180) (layer F.SilkS)
      (effects (font (size 1 1) (thickness 0.15)))
    )
    (fp_text value Micro_SD_Card (at 7.62 5.08 180) (layer F.Fab)
      (effects (font (size 1 1) (thickness 0.15)))
    )
    (fp_text user %R (at 6.8834 -5.3156) (layer F.Fab)
      (effects (font (size 1 1) (thickness 0.15)))
    )
    (fp_line (start 13.6834 -12.1656) (end 0.0834 -12.1656) (layer F.Fab) (width 0.1))
    (fp_line (start 13.6834 1.5344) (end 13.6834 -12.1656) (layer F.Fab) (width 0.1))
    (fp_line (start 0.0834 1.5344) (end 13.6834 1.5344) (layer F.Fab) (width 0.1))
    (fp_line (start 0.0834 -12.1656) (end 0.0834 1.5344) (layer F.Fab) (width 0.1))
    (fp_line (start 1.8834 2.4444) (end 1.3834 2.5444) (layer F.SilkS) (width 0.12))
    (fp_line (start 3.1834 2.1444) (end 1.8834 2.4444) (layer F.SilkS) (width 0.12))
    (fp_line (start 4.6834 1.9444) (end 3.1834 2.1444) (layer F.SilkS) (width 0.12))
    (fp_line (start 5.9834 1.8444) (end 4.6834 1.9444) (layer F.SilkS) (width 0.12))
    (fp_line (start 7.7834 1.8444) (end 5.9834 1.8444) (layer F.SilkS) (width 0.12))
    (fp_line (start 9.0834 1.9444) (end 7.7834 1.8444) (layer F.SilkS) (width 0.12))
    (fp_line (start 9.8834 2.0444) (end 9.0834 1.9444) (layer F.SilkS) (width 0.12))
    (fp_line (start 11.5834 2.3444) (end 9.8834 2.0444) (layer F.SilkS) (width 0.12))
    (fp_line (start 12.3834 2.5444) (end 11.5834 2.3444) (layer F.SilkS) (width 0.12))
    (fp_line (start 11.8834 3.1444) (end 1.8834 3.1444) (layer F.SilkS) (width 0.12))
    (fp_line (start 12.3834 1.6444) (end 12.3834 2.6444) (layer F.SilkS) (width 0.12))
    (fp_line (start 1.3834 1.6444) (end 1.3834 2.6444) (layer F.SilkS) (width 0.12))
    (fp_line (start 13.7934 1.6444) (end -0.0266 1.6444) (layer F.SilkS) (width 0.12))
    (fp_line (start -0.0266 -12.2756) (end 13.7934 -12.2756) (layer F.SilkS) (width 0.12))
    (fp_line (start -0.0266 -9.5756) (end -0.0266 -12.2756) (layer F.SilkS) (width 0.12))
    (fp_line (start -0.0266 1.6444) (end -0.0266 1.2444) (layer F.SilkS) (width 0.12))
    (fp_line (start -0.0266 -1.2756) (end -0.0266 -7.0556) (layer F.SilkS) (width 0.12))
    (fp_line (start 13.7934 -9.5756) (end 13.7934 -12.2756) (layer F.SilkS) (width 0.12))
    (fp_line (start 13.7934 -1.2756) (end 13.7934 -7.0556) (layer F.SilkS) (width 0.12))
    (fp_line (start 13.7934 1.6444) (end 13.7934 1.2444) (layer F.SilkS) (width 0.12))
    (fp_line (start -1.1966 2.0344) (end -1.1966 -12.6656) (layer F.CrtYd) (width 0.05))
    (fp_line (start -1.1966 2.0344) (end 14.9634 2.0344) (layer F.CrtYd) (width 0.05))
    (fp_line (start -1.1966 -12.6656) (end 14.9634 -12.6656) (layer F.CrtYd) (width 0.05))
    (fp_line (start 14.9634 2.0344) (end 14.9634 -12.6656) (layer F.CrtYd) (width 0.05))
    (fp_arc (start 1.8834 2.6444) (end 1.8834 3.1444) (angle 90) (layer F.SilkS) (width 0.12))
    (fp_arc (start 11.8834 2.6444) (end 12.3834 2.6444) (angle 90) (layer F.SilkS) (width 0.12))
    (pad 9 smd rect (at 0 0) (size 1.45 2) (layers F.Cu F.Paste F.Mask)
      (net 21 "Net-(J3-Pad9)"))
    (pad 9 smd rect (at 13.75 0) (size 1.45 2) (layers F.Cu F.Paste F.Mask)
      (net 21 "Net-(J3-Pad9)"))
    (pad 9 smd rect (at 13.75 -8.3) (size 1.45 2) (layers F.Cu F.Paste F.Mask)
      (net 21 "Net-(J3-Pad9)"))
    (pad 9 smd rect (at 0 -8.3) (size 1.45 2) (layers F.Cu F.Paste F.Mask)
      (net 21 "Net-(J3-Pad9)"))
    (pad 8 smd rect (at 2.38 -2.6) (size 0.8 1.5) (layers F.Cu F.Paste F.Mask)
      (net 20 "Net-(J3-Pad8)"))
    (pad 7 smd rect (at 3.48 -2.6) (size 0.8 1.5) (layers F.Cu F.Paste F.Mask)
      (net 34 /SD2_SCLK))
    (pad 6 smd rect (at 4.58 -2.6) (size 0.8 1.5) (layers F.Cu F.Paste F.Mask)
      (net 1 GND))
    (pad 5 smd rect (at 5.68 -2.61) (size 0.8 1.5) (layers F.Cu F.Paste F.Mask)
      (net 35 /SD2_MISO))
    (pad 4 smd rect (at 6.78 -2.6) (size 0.8 1.5) (layers F.Cu F.Paste F.Mask)
      (net 2 +3V3))
    (pad 3 smd rect (at 7.87 -2.6) (size 0.8 1.5) (layers F.Cu F.Paste F.Mask)
      (net 36 /SD2_MOSI))
    (pad 2 smd rect (at 8.98 -2.6) (size 0.8 1.5) (layers F.Cu F.Paste F.Mask)
      (net 37 /SD2_CS))
    (pad 1 smd rect (at 10.08 -2.6) (size 0.8 1.5) (layers F.Cu F.Paste F.Mask)
      (net 19 "Net-(J3-Pad1)"))
    (model ${KISYS3DMOD}/Connector_Card.3dshapes/microSD_HC_Wuerth_693072010801.wrl
      (offset (xyz 0 -1.149999983968733 0))
      (scale (xyz 1 1 1))
      (rotate (xyz 0 0 0))
    )
  )

  (module Package_SO:SOIC-28W_7.5x17.9mm_P1.27mm (layer F.Cu) (tedit 5BB02BAC) (tstamp 5BAFFB6B)
    (at 107.4 75.175 180)
    (descr "28-Lead Plastic Small Outline (SO) - Wide, 7.50 mm Body [SOIC] (see Microchip Packaging Specification 00000049BS.pdf)")
    (tags "SOIC 1.27")
    (path /5B9D0DB3)
    (attr smd)
    (fp_text reference U1 (at -4.8 -10.05 180) (layer F.SilkS)
      (effects (font (size 1 1) (thickness 0.15)))
    )
    (fp_text value DSPIC33EP512GP502 (at 0 10.05 180) (layer F.Fab)
      (effects (font (size 1 1) (thickness 0.15)))
    )
    (fp_text user %R (at 0 0 180) (layer F.Fab)
      (effects (font (size 1 1) (thickness 0.15)))
    )
    (fp_line (start -2.75 -8.95) (end 3.75 -8.95) (layer F.Fab) (width 0.15))
    (fp_line (start 3.75 -8.95) (end 3.75 8.95) (layer F.Fab) (width 0.15))
    (fp_line (start 3.75 8.95) (end -3.75 8.95) (layer F.Fab) (width 0.15))
    (fp_line (start -3.75 8.95) (end -3.75 -7.95) (layer F.Fab) (width 0.15))
    (fp_line (start -3.75 -7.95) (end -2.75 -8.95) (layer F.Fab) (width 0.15))
    (fp_line (start -5.95 -9.3) (end -5.95 9.3) (layer F.CrtYd) (width 0.05))
    (fp_line (start 5.95 -9.3) (end 5.95 9.3) (layer F.CrtYd) (width 0.05))
    (fp_line (start -5.95 -9.3) (end 5.95 -9.3) (layer F.CrtYd) (width 0.05))
    (fp_line (start -5.95 9.3) (end 5.95 9.3) (layer F.CrtYd) (width 0.05))
    (fp_line (start -3.875 -9.125) (end -3.875 -8.875) (layer F.SilkS) (width 0.15))
    (fp_line (start 3.875 -9.125) (end 3.875 -8.78) (layer F.SilkS) (width 0.15))
    (fp_line (start 3.875 9.125) (end 3.875 8.78) (layer F.SilkS) (width 0.15))
    (fp_line (start -3.875 9.125) (end -3.875 8.78) (layer F.SilkS) (width 0.15))
    (fp_line (start -3.875 -9.125) (end 3.875 -9.125) (layer F.SilkS) (width 0.15))
    (fp_line (start -3.875 9.125) (end 3.875 9.125) (layer F.SilkS) (width 0.15))
    (fp_line (start -3.875 -8.875) (end -5.7 -8.875) (layer F.SilkS) (width 0.15))
    (pad 1 smd rect (at -4.7 -8.255 180) (size 2 0.6) (layers F.Cu F.Paste F.Mask)
      (net 14 /~MCLR))
    (pad 2 smd rect (at -4.7 -6.985 180) (size 2 0.6) (layers F.Cu F.Paste F.Mask)
      (net 40 "Net-(U1-Pad2)"))
    (pad 3 smd rect (at -4.7 -5.715 180) (size 2 0.6) (layers F.Cu F.Paste F.Mask)
      (net 25 CURR_AMP))
    (pad 4 smd rect (at -4.7 -4.445 180) (size 2 0.6) (layers F.Cu F.Paste F.Mask)
      (net 37 /SD2_CS))
    (pad 5 smd rect (at -4.7 -3.175 180) (size 2 0.6) (layers F.Cu F.Paste F.Mask)
      (net 26 "Net-(U1-Pad5)"))
    (pad 6 smd rect (at -4.7 -1.905 180) (size 2 0.6) (layers F.Cu F.Paste F.Mask)
      (net 15 /ICSPCLK))
    (pad 7 smd rect (at -4.7 -0.635 180) (size 2 0.6) (layers F.Cu F.Paste F.Mask)
      (net 13 /ICSPDAT))
    (pad 8 smd rect (at -4.7 0.635 180) (size 2 0.6) (layers F.Cu F.Paste F.Mask)
      (net 1 GND))
    (pad 9 smd rect (at -4.7 1.905 180) (size 2 0.6) (layers F.Cu F.Paste F.Mask)
      (net 4 /OSC1))
    (pad 10 smd rect (at -4.7 3.175 180) (size 2 0.6) (layers F.Cu F.Paste F.Mask)
      (net 5 /OSC2))
    (pad 11 smd rect (at -4.7 4.445 180) (size 2 0.6) (layers F.Cu F.Paste F.Mask)
      (net 36 /SD2_MOSI))
    (pad 12 smd rect (at -4.7 5.715 180) (size 2 0.6) (layers F.Cu F.Paste F.Mask)
      (net 35 /SD2_MISO))
    (pad 13 smd rect (at -4.7 6.985 180) (size 2 0.6) (layers F.Cu F.Paste F.Mask)
      (net 2 +3V3))
    (pad 14 smd rect (at -4.7 8.255 180) (size 2 0.6) (layers F.Cu F.Paste F.Mask)
      (net 34 /SD2_SCLK))
    (pad 15 smd rect (at 4.7 8.255 180) (size 2 0.6) (layers F.Cu F.Paste F.Mask)
      (net 33 /SD1_MISO))
    (pad 16 smd rect (at 4.7 6.985 180) (size 2 0.6) (layers F.Cu F.Paste F.Mask)
      (net 32 /SD1_SCLK))
    (pad 17 smd rect (at 4.7 5.715 180) (size 2 0.6) (layers F.Cu F.Paste F.Mask)
      (net 31 /SD1_MOSI))
    (pad 18 smd rect (at 4.7 4.445 180) (size 2 0.6) (layers F.Cu F.Paste F.Mask)
      (net 30 /SD1_CS))
    (pad 19 smd rect (at 4.7 3.175 180) (size 2 0.6) (layers F.Cu F.Paste F.Mask)
      (net 1 GND))
    (pad 20 smd rect (at 4.7 1.905 180) (size 2 0.6) (layers F.Cu F.Paste F.Mask)
      (net 3 "Net-(C3-Pad1)"))
    (pad 21 smd rect (at 4.7 0.635 180) (size 2 0.6) (layers F.Cu F.Paste F.Mask)
      (net 28 /CANRX))
    (pad 22 smd rect (at 4.7 -0.635 180) (size 2 0.6) (layers F.Cu F.Paste F.Mask)
      (net 27 /CANTX))
    (pad 23 smd rect (at 4.7 -1.905 180) (size 2 0.6) (layers F.Cu F.Paste F.Mask)
      (net 38 "Net-(U1-Pad23)"))
    (pad 24 smd rect (at 4.7 -3.175 180) (size 2 0.6) (layers F.Cu F.Paste F.Mask)
      (net 8 "Net-(D1-Pad1)"))
    (pad 25 smd rect (at 4.7 -4.445 180) (size 2 0.6) (layers F.Cu F.Paste F.Mask)
      (net 9 "Net-(D2-Pad1)"))
    (pad 26 smd rect (at 4.7 -5.715 180) (size 2 0.6) (layers F.Cu F.Paste F.Mask)
      (net 39 "Net-(U1-Pad26)"))
    (pad 27 smd rect (at 4.7 -6.985 180) (size 2 0.6) (layers F.Cu F.Paste F.Mask)
      (net 1 GND))
    (pad 28 smd rect (at 4.7 -8.255 180) (size 2 0.6) (layers F.Cu F.Paste F.Mask)
      (net 2 +3V3))
    (model ${KISYS3DMOD}/Package_SO.3dshapes/SOIC-28W_7.5x17.9mm_P1.27mm.wrl
      (at (xyz 0 0 0))
      (scale (xyz 1 1 1))
      (rotate (xyz 0 0 0))
    )
  )

  (module Capacitor_SMD:C_0805_2012Metric_Pad1.15x1.40mm_HandSolder (layer F.Cu) (tedit 5BB02F5D) (tstamp 5BBC8A20)
    (at 107.345 86.69)
    (descr "Capacitor SMD 0805 (2012 Metric), square (rectangular) end terminal, IPC_7351 nominal with elongated pad for handsoldering. (Body size source: https://docs.google.com/spreadsheets/d/1BsfQQcO9C6DZCsRaXUlFlo91Tg2WpOkGARC1WS5S8t0/edit?usp=sharing), generated with kicad-footprint-generator")
    (tags "capacitor handsolder")
    (path /5BA13536/5B9E5217)
    (attr smd)
    (fp_text reference C9 (at 2.925 0) (layer F.SilkS)
      (effects (font (size 1 1) (thickness 0.15)))
    )
    (fp_text value 4.7u (at 0 1.65) (layer F.Fab)
      (effects (font (size 1 1) (thickness 0.15)))
    )
    (fp_line (start -1 0.6) (end -1 -0.6) (layer F.Fab) (width 0.1))
    (fp_line (start -1 -0.6) (end 1 -0.6) (layer F.Fab) (width 0.1))
    (fp_line (start 1 -0.6) (end 1 0.6) (layer F.Fab) (width 0.1))
    (fp_line (start 1 0.6) (end -1 0.6) (layer F.Fab) (width 0.1))
    (fp_line (start -0.261252 -0.71) (end 0.261252 -0.71) (layer F.SilkS) (width 0.12))
    (fp_line (start -0.261252 0.71) (end 0.261252 0.71) (layer F.SilkS) (width 0.12))
    (fp_line (start -1.85 0.95) (end -1.85 -0.95) (layer F.CrtYd) (width 0.05))
    (fp_line (start -1.85 -0.95) (end 1.85 -0.95) (layer F.CrtYd) (width 0.05))
    (fp_line (start 1.85 -0.95) (end 1.85 0.95) (layer F.CrtYd) (width 0.05))
    (fp_line (start 1.85 0.95) (end -1.85 0.95) (layer F.CrtYd) (width 0.05))
    (fp_text user %R (at 0 0) (layer F.Fab)
      (effects (font (size 0.5 0.5) (thickness 0.08)))
    )
    (pad 1 smd roundrect (at -1.025 0) (size 1.15 1.4) (layers F.Cu F.Paste F.Mask) (roundrect_rratio 0.217391)
      (net 1 GND))
    (pad 2 smd roundrect (at 1.025 0) (size 1.15 1.4) (layers F.Cu F.Paste F.Mask) (roundrect_rratio 0.217391)
      (net 2 +3V3))
    (model ${KISYS3DMOD}/Capacitor_SMD.3dshapes/C_0805_2012Metric.wrl
      (at (xyz 0 0 0))
      (scale (xyz 1 1 1))
      (rotate (xyz 0 0 0))
    )
  )

  (module Package_TO_SOT_SMD:SOT-23-5 (layer F.Cu) (tedit 5BB6692F) (tstamp 5BBC89E8)
    (at 107.37 89.89)
    (descr "5-pin SOT23 package")
    (tags SOT-23-5)
    (path /5BA13536/5B9DEFF0)
    (attr smd)
    (fp_text reference U3 (at 3 0.05) (layer F.SilkS)
      (effects (font (size 1 1) (thickness 0.15)))
    )
    (fp_text value AP2114H-3.3 (at 0 2.9) (layer F.Fab)
      (effects (font (size 1 1) (thickness 0.15)))
    )
    (fp_text user %R (at 0 0 90) (layer F.Fab)
      (effects (font (size 0.5 0.5) (thickness 0.075)))
    )
    (fp_line (start -0.9 1.61) (end 0.9 1.61) (layer F.SilkS) (width 0.12))
    (fp_line (start 0.9 -1.61) (end -1.55 -1.61) (layer F.SilkS) (width 0.12))
    (fp_line (start -1.9 -1.8) (end 1.9 -1.8) (layer F.CrtYd) (width 0.05))
    (fp_line (start 1.9 -1.8) (end 1.9 1.8) (layer F.CrtYd) (width 0.05))
    (fp_line (start 1.9 1.8) (end -1.9 1.8) (layer F.CrtYd) (width 0.05))
    (fp_line (start -1.9 1.8) (end -1.9 -1.8) (layer F.CrtYd) (width 0.05))
    (fp_line (start -0.9 -0.9) (end -0.25 -1.55) (layer F.Fab) (width 0.1))
    (fp_line (start 0.9 -1.55) (end -0.25 -1.55) (layer F.Fab) (width 0.1))
    (fp_line (start -0.9 -0.9) (end -0.9 1.55) (layer F.Fab) (width 0.1))
    (fp_line (start 0.9 1.55) (end -0.9 1.55) (layer F.Fab) (width 0.1))
    (fp_line (start 0.9 -1.55) (end 0.9 1.55) (layer F.Fab) (width 0.1))
    (pad 1 smd rect (at -1.1 -0.95) (size 1.06 0.65) (layers F.Cu F.Paste F.Mask)
      (net 6 +5V))
    (pad 2 smd rect (at -1.1 0) (size 1.06 0.65) (layers F.Cu F.Paste F.Mask)
      (net 1 GND))
    (pad 3 smd rect (at -1.1 0.95) (size 1.06 0.65) (layers F.Cu F.Paste F.Mask)
      (net 6 +5V))
    (pad 4 smd rect (at 1.1 0.95) (size 1.06 0.65) (layers F.Cu F.Paste F.Mask)
      (net 29 "Net-(U3-Pad4)"))
    (pad 5 smd rect (at 1.1 -0.95) (size 1.06 0.65) (layers F.Cu F.Paste F.Mask)
      (net 2 +3V3))
    (model ${KISYS3DMOD}/Package_TO_SOT_SMD.3dshapes/SOT-23-5.wrl
      (at (xyz 0 0 0))
      (scale (xyz 1 1 1))
      (rotate (xyz 0 0 0))
    )
  )

  (module Capacitor_SMD:C_0805_2012Metric_Pad1.15x1.40mm_HandSolder (layer F.Cu) (tedit 5B36C52B) (tstamp 5BBC89B4)
    (at 107.335 93.19 180)
    (descr "Capacitor SMD 0805 (2012 Metric), square (rectangular) end terminal, IPC_7351 nominal with elongated pad for handsoldering. (Body size source: https://docs.google.com/spreadsheets/d/1BsfQQcO9C6DZCsRaXUlFlo91Tg2WpOkGARC1WS5S8t0/edit?usp=sharing), generated with kicad-footprint-generator")
    (tags "capacitor handsolder")
    (path /5BA13536/5B9E51A5)
    (attr smd)
    (fp_text reference C10 (at -3.5 0 180) (layer F.SilkS)
      (effects (font (size 1 1) (thickness 0.15)))
    )
    (fp_text value 4.7u (at 0 1.65 180) (layer F.Fab)
      (effects (font (size 1 1) (thickness 0.15)))
    )
    (fp_text user %R (at 0 0 180) (layer F.Fab)
      (effects (font (size 0.5 0.5) (thickness 0.08)))
    )
    (fp_line (start 1.85 0.95) (end -1.85 0.95) (layer F.CrtYd) (width 0.05))
    (fp_line (start 1.85 -0.95) (end 1.85 0.95) (layer F.CrtYd) (width 0.05))
    (fp_line (start -1.85 -0.95) (end 1.85 -0.95) (layer F.CrtYd) (width 0.05))
    (fp_line (start -1.85 0.95) (end -1.85 -0.95) (layer F.CrtYd) (width 0.05))
    (fp_line (start -0.261252 0.71) (end 0.261252 0.71) (layer F.SilkS) (width 0.12))
    (fp_line (start -0.261252 -0.71) (end 0.261252 -0.71) (layer F.SilkS) (width 0.12))
    (fp_line (start 1 0.6) (end -1 0.6) (layer F.Fab) (width 0.1))
    (fp_line (start 1 -0.6) (end 1 0.6) (layer F.Fab) (width 0.1))
    (fp_line (start -1 -0.6) (end 1 -0.6) (layer F.Fab) (width 0.1))
    (fp_line (start -1 0.6) (end -1 -0.6) (layer F.Fab) (width 0.1))
    (pad 2 smd roundrect (at 1.025 0 180) (size 1.15 1.4) (layers F.Cu F.Paste F.Mask) (roundrect_rratio 0.217391)
      (net 6 +5V))
    (pad 1 smd roundrect (at -1.025 0 180) (size 1.15 1.4) (layers F.Cu F.Paste F.Mask) (roundrect_rratio 0.217391)
      (net 1 GND))
    (model ${KISYS3DMOD}/Capacitor_SMD.3dshapes/C_0805_2012Metric.wrl
      (at (xyz 0 0 0))
      (scale (xyz 1 1 1))
      (rotate (xyz 0 0 0))
    )
  )

  (module Capacitor_SMD:C_0805_2012Metric_Pad1.15x1.40mm_HandSolder (layer F.Cu) (tedit 5B36C52B) (tstamp 5BAFF98C)
    (at 115.1 65.375 90)
    (descr "Capacitor SMD 0805 (2012 Metric), square (rectangular) end terminal, IPC_7351 nominal with elongated pad for handsoldering. (Body size source: https://docs.google.com/spreadsheets/d/1BsfQQcO9C6DZCsRaXUlFlo91Tg2WpOkGARC1WS5S8t0/edit?usp=sharing), generated with kicad-footprint-generator")
    (tags "capacitor handsolder")
    (path /5B9D1079)
    (attr smd)
    (fp_text reference C1 (at 2.675 0 180) (layer F.SilkS)
      (effects (font (size 1 1) (thickness 0.15)))
    )
    (fp_text value 0.1u (at 0 1.65 90) (layer F.Fab)
      (effects (font (size 1 1) (thickness 0.15)))
    )
    (fp_line (start -1 0.6) (end -1 -0.6) (layer F.Fab) (width 0.1))
    (fp_line (start -1 -0.6) (end 1 -0.6) (layer F.Fab) (width 0.1))
    (fp_line (start 1 -0.6) (end 1 0.6) (layer F.Fab) (width 0.1))
    (fp_line (start 1 0.6) (end -1 0.6) (layer F.Fab) (width 0.1))
    (fp_line (start -0.261252 -0.71) (end 0.261252 -0.71) (layer F.SilkS) (width 0.12))
    (fp_line (start -0.261252 0.71) (end 0.261252 0.71) (layer F.SilkS) (width 0.12))
    (fp_line (start -1.85 0.95) (end -1.85 -0.95) (layer F.CrtYd) (width 0.05))
    (fp_line (start -1.85 -0.95) (end 1.85 -0.95) (layer F.CrtYd) (width 0.05))
    (fp_line (start 1.85 -0.95) (end 1.85 0.95) (layer F.CrtYd) (width 0.05))
    (fp_line (start 1.85 0.95) (end -1.85 0.95) (layer F.CrtYd) (width 0.05))
    (fp_text user %R (at 0 0 90) (layer F.Fab)
      (effects (font (size 0.5 0.5) (thickness 0.08)))
    )
    (pad 1 smd roundrect (at -1.025 0 90) (size 1.15 1.4) (layers F.Cu F.Paste F.Mask) (roundrect_rratio 0.217391)
      (net 2 +3V3))
    (pad 2 smd roundrect (at 1.025 0 90) (size 1.15 1.4) (layers F.Cu F.Paste F.Mask) (roundrect_rratio 0.217391)
      (net 1 GND))
    (model ${KISYS3DMOD}/Capacitor_SMD.3dshapes/C_0805_2012Metric.wrl
      (at (xyz 0 0 0))
      (scale (xyz 1 1 1))
      (rotate (xyz 0 0 0))
    )
  )

  (module Capacitor_SMD:C_0805_2012Metric_Pad1.15x1.40mm_HandSolder (layer F.Cu) (tedit 5BB64E0A) (tstamp 5BAFF99D)
    (at 100.25 82.25 270)
    (descr "Capacitor SMD 0805 (2012 Metric), square (rectangular) end terminal, IPC_7351 nominal with elongated pad for handsoldering. (Body size source: https://docs.google.com/spreadsheets/d/1BsfQQcO9C6DZCsRaXUlFlo91Tg2WpOkGARC1WS5S8t0/edit?usp=sharing), generated with kicad-footprint-generator")
    (tags "capacitor handsolder")
    (path /5B9D10DB)
    (attr smd)
    (fp_text reference C2 (at -2.575 -0.1) (layer F.SilkS)
      (effects (font (size 1 1) (thickness 0.15)))
    )
    (fp_text value 0.1u (at 0 1.65 270) (layer F.Fab)
      (effects (font (size 1 1) (thickness 0.15)))
    )
    (fp_line (start -1 0.6) (end -1 -0.6) (layer F.Fab) (width 0.1))
    (fp_line (start -1 -0.6) (end 1 -0.6) (layer F.Fab) (width 0.1))
    (fp_line (start 1 -0.6) (end 1 0.6) (layer F.Fab) (width 0.1))
    (fp_line (start 1 0.6) (end -1 0.6) (layer F.Fab) (width 0.1))
    (fp_line (start -0.261252 -0.71) (end 0.261252 -0.71) (layer F.SilkS) (width 0.12))
    (fp_line (start -0.261252 0.71) (end 0.261252 0.71) (layer F.SilkS) (width 0.12))
    (fp_line (start -1.85 0.95) (end -1.85 -0.95) (layer F.CrtYd) (width 0.05))
    (fp_line (start -1.85 -0.95) (end 1.85 -0.95) (layer F.CrtYd) (width 0.05))
    (fp_line (start 1.85 -0.95) (end 1.85 0.95) (layer F.CrtYd) (width 0.05))
    (fp_line (start 1.85 0.95) (end -1.85 0.95) (layer F.CrtYd) (width 0.05))
    (fp_text user %R (at 0 0 270) (layer F.Fab)
      (effects (font (size 0.5 0.5) (thickness 0.08)))
    )
    (pad 1 smd roundrect (at -1.025 0 270) (size 1.15 1.4) (layers F.Cu F.Paste F.Mask) (roundrect_rratio 0.217391)
      (net 1 GND))
    (pad 2 smd roundrect (at 1.025 0 270) (size 1.15 1.4) (layers F.Cu F.Paste F.Mask) (roundrect_rratio 0.217391)
      (net 2 +3V3))
    (model ${KISYS3DMOD}/Capacitor_SMD.3dshapes/C_0805_2012Metric.wrl
      (at (xyz 0 0 0))
      (scale (xyz 1 1 1))
      (rotate (xyz 0 0 0))
    )
  )

  (module Capacitor_SMD:C_0805_2012Metric_Pad1.15x1.40mm_HandSolder (layer F.Cu) (tedit 5BB027A9) (tstamp 5BAFF9AE)
    (at 99.8 71.175 90)
    (descr "Capacitor SMD 0805 (2012 Metric), square (rectangular) end terminal, IPC_7351 nominal with elongated pad for handsoldering. (Body size source: https://docs.google.com/spreadsheets/d/1BsfQQcO9C6DZCsRaXUlFlo91Tg2WpOkGARC1WS5S8t0/edit?usp=sharing), generated with kicad-footprint-generator")
    (tags "capacitor handsolder")
    (path /5B9D1690)
    (attr smd)
    (fp_text reference C3 (at 2.975 0.1 180) (layer F.SilkS)
      (effects (font (size 1 1) (thickness 0.15)))
    )
    (fp_text value 10u (at 0 1.65 90) (layer F.Fab)
      (effects (font (size 1 1) (thickness 0.15)))
    )
    (fp_line (start -1 0.6) (end -1 -0.6) (layer F.Fab) (width 0.1))
    (fp_line (start -1 -0.6) (end 1 -0.6) (layer F.Fab) (width 0.1))
    (fp_line (start 1 -0.6) (end 1 0.6) (layer F.Fab) (width 0.1))
    (fp_line (start 1 0.6) (end -1 0.6) (layer F.Fab) (width 0.1))
    (fp_line (start -0.261252 -0.71) (end 0.261252 -0.71) (layer F.SilkS) (width 0.12))
    (fp_line (start -0.261252 0.71) (end 0.261252 0.71) (layer F.SilkS) (width 0.12))
    (fp_line (start -1.85 0.95) (end -1.85 -0.95) (layer F.CrtYd) (width 0.05))
    (fp_line (start -1.85 -0.95) (end 1.85 -0.95) (layer F.CrtYd) (width 0.05))
    (fp_line (start 1.85 -0.95) (end 1.85 0.95) (layer F.CrtYd) (width 0.05))
    (fp_line (start 1.85 0.95) (end -1.85 0.95) (layer F.CrtYd) (width 0.05))
    (fp_text user %R (at 0 0 90) (layer F.Fab)
      (effects (font (size 0.5 0.5) (thickness 0.08)))
    )
    (pad 1 smd roundrect (at -1.025 0 90) (size 1.15 1.4) (layers F.Cu F.Paste F.Mask) (roundrect_rratio 0.217391)
      (net 3 "Net-(C3-Pad1)"))
    (pad 2 smd roundrect (at 1.025 0 90) (size 1.15 1.4) (layers F.Cu F.Paste F.Mask) (roundrect_rratio 0.217391)
      (net 1 GND))
    (model ${KISYS3DMOD}/Capacitor_SMD.3dshapes/C_0805_2012Metric.wrl
      (at (xyz 0 0 0))
      (scale (xyz 1 1 1))
      (rotate (xyz 0 0 0))
    )
  )

  (module Capacitor_SMD:C_0805_2012Metric_Pad1.15x1.40mm_HandSolder (layer F.Cu) (tedit 5B36C52B) (tstamp 5BAFF9BF)
    (at 119.8 75.975 90)
    (descr "Capacitor SMD 0805 (2012 Metric), square (rectangular) end terminal, IPC_7351 nominal with elongated pad for handsoldering. (Body size source: https://docs.google.com/spreadsheets/d/1BsfQQcO9C6DZCsRaXUlFlo91Tg2WpOkGARC1WS5S8t0/edit?usp=sharing), generated with kicad-footprint-generator")
    (tags "capacitor handsolder")
    (path /5B9D2A77)
    (attr smd)
    (fp_text reference C4 (at 2.575 0 180) (layer F.SilkS)
      (effects (font (size 1 1) (thickness 0.15)))
    )
    (fp_text value C_Small (at 0 1.65 90) (layer F.Fab)
      (effects (font (size 1 1) (thickness 0.15)))
    )
    (fp_line (start -1 0.6) (end -1 -0.6) (layer F.Fab) (width 0.1))
    (fp_line (start -1 -0.6) (end 1 -0.6) (layer F.Fab) (width 0.1))
    (fp_line (start 1 -0.6) (end 1 0.6) (layer F.Fab) (width 0.1))
    (fp_line (start 1 0.6) (end -1 0.6) (layer F.Fab) (width 0.1))
    (fp_line (start -0.261252 -0.71) (end 0.261252 -0.71) (layer F.SilkS) (width 0.12))
    (fp_line (start -0.261252 0.71) (end 0.261252 0.71) (layer F.SilkS) (width 0.12))
    (fp_line (start -1.85 0.95) (end -1.85 -0.95) (layer F.CrtYd) (width 0.05))
    (fp_line (start -1.85 -0.95) (end 1.85 -0.95) (layer F.CrtYd) (width 0.05))
    (fp_line (start 1.85 -0.95) (end 1.85 0.95) (layer F.CrtYd) (width 0.05))
    (fp_line (start 1.85 0.95) (end -1.85 0.95) (layer F.CrtYd) (width 0.05))
    (fp_text user %R (at 0 0 90) (layer F.Fab)
      (effects (font (size 0.5 0.5) (thickness 0.08)))
    )
    (pad 1 smd roundrect (at -1.025 0 90) (size 1.15 1.4) (layers F.Cu F.Paste F.Mask) (roundrect_rratio 0.217391)
      (net 4 /OSC1))
    (pad 2 smd roundrect (at 1.025 0 90) (size 1.15 1.4) (layers F.Cu F.Paste F.Mask) (roundrect_rratio 0.217391)
      (net 1 GND))
    (model ${KISYS3DMOD}/Capacitor_SMD.3dshapes/C_0805_2012Metric.wrl
      (at (xyz 0 0 0))
      (scale (xyz 1 1 1))
      (rotate (xyz 0 0 0))
    )
  )

  (module Capacitor_SMD:C_0805_2012Metric_Pad1.15x1.40mm_HandSolder (layer F.Cu) (tedit 5BB64F75) (tstamp 5BAFF9D0)
    (at 119.8 70.775 270)
    (descr "Capacitor SMD 0805 (2012 Metric), square (rectangular) end terminal, IPC_7351 nominal with elongated pad for handsoldering. (Body size source: https://docs.google.com/spreadsheets/d/1BsfQQcO9C6DZCsRaXUlFlo91Tg2WpOkGARC1WS5S8t0/edit?usp=sharing), generated with kicad-footprint-generator")
    (tags "capacitor handsolder")
    (path /5B9D2ABA)
    (attr smd)
    (fp_text reference C5 (at -2.575 0) (layer F.SilkS)
      (effects (font (size 1 1) (thickness 0.15)))
    )
    (fp_text value C_Small (at 0 1.65 270) (layer F.Fab)
      (effects (font (size 1 1) (thickness 0.15)))
    )
    (fp_text user %R (at 0 0 270) (layer F.Fab)
      (effects (font (size 0.5 0.5) (thickness 0.08)))
    )
    (fp_line (start 1.85 0.95) (end -1.85 0.95) (layer F.CrtYd) (width 0.05))
    (fp_line (start 1.85 -0.95) (end 1.85 0.95) (layer F.CrtYd) (width 0.05))
    (fp_line (start -1.85 -0.95) (end 1.85 -0.95) (layer F.CrtYd) (width 0.05))
    (fp_line (start -1.85 0.95) (end -1.85 -0.95) (layer F.CrtYd) (width 0.05))
    (fp_line (start -0.261252 0.71) (end 0.261252 0.71) (layer F.SilkS) (width 0.12))
    (fp_line (start -0.261252 -0.71) (end 0.261252 -0.71) (layer F.SilkS) (width 0.12))
    (fp_line (start 1 0.6) (end -1 0.6) (layer F.Fab) (width 0.1))
    (fp_line (start 1 -0.6) (end 1 0.6) (layer F.Fab) (width 0.1))
    (fp_line (start -1 -0.6) (end 1 -0.6) (layer F.Fab) (width 0.1))
    (fp_line (start -1 0.6) (end -1 -0.6) (layer F.Fab) (width 0.1))
    (pad 2 smd roundrect (at 1.025 0 270) (size 1.15 1.4) (layers F.Cu F.Paste F.Mask) (roundrect_rratio 0.217391)
      (net 1 GND))
    (pad 1 smd roundrect (at -1.025 0 270) (size 1.15 1.4) (layers F.Cu F.Paste F.Mask) (roundrect_rratio 0.217391)
      (net 5 /OSC2))
    (model ${KISYS3DMOD}/Capacitor_SMD.3dshapes/C_0805_2012Metric.wrl
      (at (xyz 0 0 0))
      (scale (xyz 1 1 1))
      (rotate (xyz 0 0 0))
    )
  )

  (module Capacitor_SMD:C_0805_2012Metric_Pad1.15x1.40mm_HandSolder (layer F.Cu) (tedit 5BB655D0) (tstamp 5BAFF9F2)
    (at 121.4 59.575 270)
    (descr "Capacitor SMD 0805 (2012 Metric), square (rectangular) end terminal, IPC_7351 nominal with elongated pad for handsoldering. (Body size source: https://docs.google.com/spreadsheets/d/1BsfQQcO9C6DZCsRaXUlFlo91Tg2WpOkGARC1WS5S8t0/edit?usp=sharing), generated with kicad-footprint-generator")
    (tags "capacitor handsolder")
    (path /5B9D8C66/5B9D8023)
    (attr smd)
    (fp_text reference C7 (at -2.975 0) (layer F.SilkS)
      (effects (font (size 1 1) (thickness 0.15)))
    )
    (fp_text value 4.7uF (at 0 1.65 270) (layer F.Fab)
      (effects (font (size 1 1) (thickness 0.15)))
    )
    (fp_text user %R (at 0 0 90) (layer F.Fab)
      (effects (font (size 0.5 0.5) (thickness 0.08)))
    )
    (fp_line (start 1.85 0.95) (end -1.85 0.95) (layer F.CrtYd) (width 0.05))
    (fp_line (start 1.85 -0.95) (end 1.85 0.95) (layer F.CrtYd) (width 0.05))
    (fp_line (start -1.85 -0.95) (end 1.85 -0.95) (layer F.CrtYd) (width 0.05))
    (fp_line (start -1.85 0.95) (end -1.85 -0.95) (layer F.CrtYd) (width 0.05))
    (fp_line (start -0.261252 0.71) (end 0.261252 0.71) (layer F.SilkS) (width 0.12))
    (fp_line (start -0.261252 -0.71) (end 0.261252 -0.71) (layer F.SilkS) (width 0.12))
    (fp_line (start 1 0.6) (end -1 0.6) (layer F.Fab) (width 0.1))
    (fp_line (start 1 -0.6) (end 1 0.6) (layer F.Fab) (width 0.1))
    (fp_line (start -1 -0.6) (end 1 -0.6) (layer F.Fab) (width 0.1))
    (fp_line (start -1 0.6) (end -1 -0.6) (layer F.Fab) (width 0.1))
