(kicad_pcb (version 20171130) (host pcbnew 5.0.1)

  (general
    (thickness 1.6)
    (drawings 4)
    (tracks 470)
    (zones 0)
    (modules 44)
    (nets 59)
  )

  (page A4)
  (layers
    (0 F.Cu signal)
    (31 B.Cu signal)
    (32 B.Adhes user)
    (33 F.Adhes user)
    (34 B.Paste user)
    (35 F.Paste user)
    (36 B.SilkS user hide)
    (37 F.SilkS user)
    (38 B.Mask user hide)
    (39 F.Mask user hide)
    (40 Dwgs.User user hide)
    (41 Cmts.User user hide)
    (42 Eco1.User user)
    (43 Eco2.User user)
    (44 Edge.Cuts user)
    (45 Margin user)
    (46 B.CrtYd user)
    (47 F.CrtYd user)
    (48 B.Fab user hide)
    (49 F.Fab user hide)
  )

  (setup
    (last_trace_width 0.254)
    (user_trace_width 0.1524)
    (user_trace_width 0.254)
    (user_trace_width 0.381)
    (trace_clearance 0.1524)
    (zone_clearance 0.2032)
    (zone_45_only no)
    (trace_min 0.1524)
    (segment_width 0.2)
    (edge_width 0.15)
    (via_size 0.8)
    (via_drill 0.4)
    (via_min_size 0.4)
    (via_min_drill 0.3)
    (uvia_size 0.3)
    (uvia_drill 0.1)
    (uvias_allowed no)
    (uvia_min_size 0.2)
    (uvia_min_drill 0.1)
    (pcb_text_width 0.15)
    (pcb_text_size 1 1)
    (mod_edge_width 0.15)
    (mod_text_size 1 1)
    (mod_text_width 0.15)
    (pad_size 1.524 1.524)
    (pad_drill 0.762)
    (pad_to_mask_clearance 0.0508)
    (solder_mask_min_width 0.25)
    (aux_axis_origin 0 0)
    (visible_elements FFFFFF7F)
    (pcbplotparams
      (layerselection 0x010f8_ffffffff)
      (usegerberextensions true)
      (usegerberattributes false)
      (usegerberadvancedattributes false)
      (creategerberjobfile false)
      (excludeedgelayer true)
      (linewidth 0.100000)
      (plotframeref false)
      (viasonmask false)
      (mode 1)
      (useauxorigin false)
      (hpglpennumber 1)
      (hpglpenspeed 20)
      (hpglpendiameter 15.000000)
      (psnegative false)
      (psa4output false)
      (plotreference true)
      (plotvalue true)
      (plotinvisibletext false)
      (padsonsilk false)
      (subtractmaskfromsilk false)
      (outputformat 1)
      (mirror false)
      (drillshape 0)
      (scaleselection 1)
      (outputdirectory "gerbers/"))
  )

  (net 0 "")
  (net 1 "Net-(F2-Pad2)")
  (net 2 GND)
  (net 3 CANL)
  (net 4 CANH)
  (net 5 +1V8)
  (net 6 "Net-(U9-Pad21)")
  (net 7 "Net-(U9-Pad19)")
  (net 8 "Net-(U9-Pad17)")
  (net 9 "Net-(U9-Pad16)")
  (net 10 "Net-(U9-Pad15)")
  (net 11 "Net-(U9-Pad14)")
  (net 12 "Net-(U9-Pad12)")
  (net 13 "Net-(C24-Pad1)")
  (net 14 "Net-(U9-Pad7)")
  (net 15 "Net-(U9-Pad6)")
  (net 16 "Net-(U9-Pad5)")
  (net 17 "Net-(U9-Pad4)")
  (net 18 "Net-(U9-Pad3)")
  (net 19 "Net-(U9-Pad2)")
  (net 20 "Net-(U9-Pad1)")
  (net 21 +5V)
  (net 22 "Net-(F2-Pad1)")
  (net 23 "Net-(U8-Pad4)")
  (net 24 /MCU/~MCLR)
  (net 25 "/Digital Sensor Suite/SCLK")
  (net 26 "/Digital Sensor Suite/MOSI")
  (net 27 "/Digital Sensor Suite/IMU2_CS")
  (net 28 "Net-(D1-Pad2)")
  (net 29 "/Digital Sensor Suite/IMU1_CS")
  (net 30 "Net-(D1-Pad1)")
  (net 31 "/Digital Sensor Suite/MISO")
  (net 32 /MCU/CAN_RX)
  (net 33 /MCU/CAN_TX)
  (net 34 "/Digital Sensor Suite/BARO_CS")
  (net 35 /MCU/ICSPCLK)
  (net 36 /MCU/OSC1)
  (net 37 /MCU/OSC2)
  (net 38 /MCU/ICSPDAT)
  (net 39 /Power/CURR_AMP_5V)
  (net 40 "Net-(U1-Pad6)")
  (net 41 "Net-(U1-Pad7)")
  (net 42 "Net-(U1-Pad11)")
  (net 43 "Net-(U1-Pad12)")
  (net 44 "Net-(U1-Pad13)")
  (net 45 "Net-(U1-Pad14)")
  (net 46 "Net-(U1-Pad15)")
  (net 47 "Net-(U10-Pad4)")
  (net 48 "Net-(U2-Pad4)")
  (net 49 "Net-(U2-Pad9)")
  (net 50 "Net-(U2-Pad10)")
  (net 51 "Net-(U2-Pad11)")
  (net 52 +15V)
  (net 53 "Net-(F1-Pad1)")
  (net 54 "Net-(F1-Pad2)")
  (net 55 "/Analog Sensors/THERM_0")
  (net 56 /MCU/PRESSURE)
  (net 57 +12V)
  (net 58 /Power/CURR_AMP_12V)

  (net_class Default "This is the default net class."
    (clearance 0.1524)
    (trace_width 0.25)
    (via_dia 0.8)
    (via_drill 0.4)
    (uvia_dia 0.3)
    (uvia_drill 0.1)
    (add_net +12V)
    (add_net +15V)
    (add_net +1V8)
    (add_net +5V)
    (add_net "/Analog Sensors/THERM_0")
    (add_net "/Digital Sensor Suite/BARO_CS")
    (add_net "/Digital Sensor Suite/IMU1_CS")
    (add_net "/Digital Sensor Suite/IMU2_CS")
    (add_net "/Digital Sensor Suite/MISO")
    (add_net "/Digital Sensor Suite/MOSI")
    (add_net "/Digital Sensor Suite/SCLK")
    (add_net /MCU/CAN_RX)
    (add_net /MCU/CAN_TX)
    (add_net /MCU/ICSPCLK)
    (add_net /MCU/ICSPDAT)
    (add_net /MCU/OSC1)
    (add_net /MCU/OSC2)
    (add_net /MCU/PRESSURE)
    (add_net /MCU/~MCLR)
    (add_net /Power/CURR_AMP_12V)
    (add_net /Power/CURR_AMP_5V)
    (add_net CANH)
    (add_net CANL)
    (add_net GND)
    (add_net "Net-(C24-Pad1)")
    (add_net "Net-(D1-Pad1)")
    (add_net "Net-(D1-Pad2)")
    (add_net "Net-(F1-Pad1)")
    (add_net "Net-(F1-Pad2)")
    (add_net "Net-(F2-Pad1)")
    (add_net "Net-(F2-Pad2)")
    (add_net "Net-(U1-Pad11)")
    (add_net "Net-(U1-Pad12)")
    (add_net "Net-(U1-Pad13)")
    (add_net "Net-(U1-Pad14)")
    (add_net "Net-(U1-Pad15)")
    (add_net "Net-(U1-Pad6)")
    (add_net "Net-(U1-Pad7)")
    (add_net "Net-(U10-Pad4)")
    (add_net "Net-(U2-Pad10)")
    (add_net "Net-(U2-Pad11)")
    (add_net "Net-(U2-Pad4)")
    (add_net "Net-(U2-Pad9)")
    (add_net "Net-(U8-Pad4)")
    (add_net "Net-(U9-Pad1)")
    (add_net "Net-(U9-Pad12)")
    (add_net "Net-(U9-Pad14)")
    (add_net "Net-(U9-Pad15)")
    (add_net "Net-(U9-Pad16)")
    (add_net "Net-(U9-Pad17)")
    (add_net "Net-(U9-Pad19)")
    (add_net "Net-(U9-Pad2)")
    (add_net "Net-(U9-Pad21)")
    (add_net "Net-(U9-Pad3)")
    (add_net "Net-(U9-Pad4)")
    (add_net "Net-(U9-Pad5)")
    (add_net "Net-(U9-Pad6)")
    (add_net "Net-(U9-Pad7)")
  )

  (module Crystal:Resonator-2Pin_W10.0mm_H5.0mm (layer F.Cu) (tedit 5A0FD1B2) (tstamp 5C5FEA67)
    (at 136.5504 78.2612 270)
    (descr "Ceramic Resomator/Filter 10.0x5.0 RedFrequency MG/MT/MX series, http://www.red-frequency.com/download/datenblatt/redfrequency-datenblatt-ir-zta.pdf, length*width=10.0x5.0mm^2 package, package length=10.0mm, package width=5.0mm, 2 pins")
    (tags "THT ceramic resonator filter")
    (path /5BB1460E/5BBBAD50)
    (fp_text reference Y1 (at 2.4892 -3.9878) (layer F.SilkS)
      (effects (font (size 1 1) (thickness 0.15)))
    )
    (fp_text value Crystal (at 2.5 3.7 270) (layer F.Fab)
      (effects (font (size 1 1) (thickness 0.15)))
    )
    (fp_text user %R (at 2.5 0 270) (layer F.Fab)
      (effects (font (size 1 1) (thickness 0.15)))
    )
    (fp_line (start 0 -2.5) (end 5 -2.5) (layer F.Fab) (width 0.1))
    (fp_line (start 0 2.5) (end 5 2.5) (layer F.Fab) (width 0.1))
    (fp_line (start 0 -2.5) (end 5 -2.5) (layer F.Fab) (width 0.1))
    (fp_line (start 0 2.5) (end 5 2.5) (layer F.Fab) (width 0.1))
    (fp_line (start 0 -2.7) (end 5 -2.7) (layer F.SilkS) (width 0.12))
    (fp_line (start 0 2.7) (end 5 2.7) (layer F.SilkS) (width 0.12))
    (fp_line (start -3 -3) (end -3 3) (layer F.CrtYd) (width 0.05))
    (fp_line (start -3 3) (end 8 3) (layer F.CrtYd) (width 0.05))
    (fp_line (start 8 3) (end 8 -3) (layer F.CrtYd) (width 0.05))
    (fp_line (start 8 -3) (end -3 -3) (layer F.CrtYd) (width 0.05))
    (fp_arc (start 0 0) (end 0 -2.5) (angle -180) (layer F.Fab) (width 0.1))
    (fp_arc (start 5 0) (end 5 -2.5) (angle 180) (layer F.Fab) (width 0.1))
    (fp_arc (start 0 0) (end 0 -2.5) (angle -180) (layer F.Fab) (width 0.1))
    (fp_arc (start 5 0) (end 5 -2.5) (angle 180) (layer F.Fab) (width 0.1))
    (fp_arc (start 0 0) (end 0 -2.7) (angle -180) (layer F.SilkS) (width 0.12))
    (fp_arc (start 5 0) (end 5 -2.7) (angle 180) (layer F.SilkS) (width 0.12))
    (pad 1 thru_hole circle (at 0 0 270) (size 1.5 1.5) (drill 0.8) (layers *.Cu *.Mask)
      (net 36 /MCU/OSC1))
    (pad 2 thru_hole circle (at 5 0 270) (size 1.5 1.5) (drill 0.8) (layers *.Cu *.Mask)
      (net 37 /MCU/OSC2))
    (model ${KISYS3DMOD}/Crystal.3dshapes/Resonator-2Pin_W10.0mm_H5.0mm.wrl
      (at (xyz 0 0 0))
      (scale (xyz 1 1 1))
      (rotate (xyz 0 0 0))
    )
  )

  (module Fuse:Fuse_1206_3216Metric_Pad1.42x1.75mm_HandSolder (layer F.Cu) (tedit 5B301BBE) (tstamp 5C9612C1)
    (at 138.5967 88.5952)
    (descr "Fuse SMD 1206 (3216 Metric), square (rectangular) end terminal, IPC_7351 nominal with elongated pad for handsoldering. (Body size source: http://www.tortai-tech.com/upload/download/2011102023233369053.pdf), generated with kicad-footprint-generator")
    (tags "resistor handsolder")
    (path /5BB129A7/5C9616E9)
    (attr smd)
    (fp_text reference F1 (at 0 -1.82) (layer F.SilkS)
      (effects (font (size 1 1) (thickness 0.15)))
    )
    (fp_text value Polyfuse (at 0 1.82) (layer F.Fab)
      (effects (font (size 1 1) (thickness 0.15)))
    )
    (fp_line (start -1.6 0.8) (end -1.6 -0.8) (layer F.Fab) (width 0.1))
    (fp_line (start -1.6 -0.8) (end 1.6 -0.8) (layer F.Fab) (width 0.1))
    (fp_line (start 1.6 -0.8) (end 1.6 0.8) (layer F.Fab) (width 0.1))
    (fp_line (start 1.6 0.8) (end -1.6 0.8) (layer F.Fab) (width 0.1))
    (fp_line (start -0.602064 -0.91) (end 0.602064 -0.91) (layer F.SilkS) (width 0.12))
    (fp_line (start -0.602064 0.91) (end 0.602064 0.91) (layer F.SilkS) (width 0.12))
    (fp_line (start -2.45 1.12) (end -2.45 -1.12) (layer F.CrtYd) (width 0.05))
    (fp_line (start -2.45 -1.12) (end 2.45 -1.12) (layer F.CrtYd) (width 0.05))
    (fp_line (start 2.45 -1.12) (end 2.45 1.12) (layer F.CrtYd) (width 0.05))
    (fp_line (start 2.45 1.12) (end -2.45 1.12) (layer F.CrtYd) (width 0.05))
    (fp_text user %R (at 0 0) (layer F.Fab)
      (effects (font (size 0.8 0.8) (thickness 0.12)))
    )
    (pad 1 smd roundrect (at -1.4875 0) (size 1.425 1.75) (layers F.Cu F.Paste F.Mask) (roundrect_rratio 0.175439)
      (net 53 "Net-(F1-Pad1)"))
    (pad 2 smd roundrect (at 1.4875 0) (size 1.425 1.75) (layers F.Cu F.Paste F.Mask) (roundrect_rratio 0.175439)
      (net 54 "Net-(F1-Pad2)"))
    (model ${KISYS3DMOD}/Fuse.3dshapes/Fuse_1206_3216Metric.wrl
      (at (xyz 0 0 0))
      (scale (xyz 1 1 1))
      (rotate (xyz 0 0 0))
    )
  )

  (module Package_SO:SSOP-28_5.3x10.2mm_P0.65mm (layer F.Cu) (tedit 5A02F25C) (tstamp 5C5FB76A)
    (at 146.7104 79.2988)
    (descr "28-Lead Plastic Shrink Small Outline (SS)-5.30 mm Body [SSOP] (see Microchip Packaging Specification 00000049BS.pdf)")
    (tags "SSOP 0.65")
    (path /5BB1460E/5C610E8C)
    (attr smd)
    (fp_text reference U1 (at 4.064 5.334) (layer F.SilkS)
      (effects (font (size 1 1) (thickness 0.15)))
    )
    (fp_text value PIC18LF26K83 (at 0 6.25) (layer F.Fab)
      (effects (font (size 1 1) (thickness 0.15)))
    )
    (fp_line (start -1.65 -5.1) (end 2.65 -5.1) (layer F.Fab) (width 0.15))
    (fp_line (start 2.65 -5.1) (end 2.65 5.1) (layer F.Fab) (width 0.15))
    (fp_line (start 2.65 5.1) (end -2.65 5.1) (layer F.Fab) (width 0.15))
    (fp_line (start -2.65 5.1) (end -2.65 -4.1) (layer F.Fab) (width 0.15))
    (fp_line (start -2.65 -4.1) (end -1.65 -5.1) (layer F.Fab) (width 0.15))
    (fp_line (start -4.75 -5.5) (end -4.75 5.5) (layer F.CrtYd) (width 0.05))
    (fp_line (start 4.75 -5.5) (end 4.75 5.5) (layer F.CrtYd) (width 0.05))
    (fp_line (start -4.75 -5.5) (end 4.75 -5.5) (layer F.CrtYd) (width 0.05))
    (fp_line (start -4.75 5.5) (end 4.75 5.5) (layer F.CrtYd) (width 0.05))
    (fp_line (start -2.875 -5.325) (end -2.875 -4.75) (layer F.SilkS) (width 0.15))
    (fp_line (start 2.875 -5.325) (end 2.875 -4.675) (layer F.SilkS) (width 0.15))
    (fp_line (start 2.875 5.325) (end 2.875 4.675) (layer F.SilkS) (width 0.15))
    (fp_line (start -2.875 5.325) (end -2.875 4.675) (layer F.SilkS) (width 0.15))
    (fp_line (start -2.875 -5.325) (end 2.875 -5.325) (layer F.SilkS) (width 0.15))
    (fp_line (start -2.875 5.325) (end 2.875 5.325) (layer F.SilkS) (width 0.15))
    (fp_line (start -2.875 -4.75) (end -4.475 -4.75) (layer F.SilkS) (width 0.15))
    (fp_text user %R (at 0 0) (layer F.Fab)
      (effects (font (size 0.8 0.8) (thickness 0.15)))
    )
    (pad 1 smd rect (at -3.6 -4.225) (size 1.75 0.45) (layers F.Cu F.Paste F.Mask)
      (net 24 /MCU/~MCLR))
    (pad 2 smd rect (at -3.6 -3.575) (size 1.75 0.45) (layers F.Cu F.Paste F.Mask)
      (net 39 /Power/CURR_AMP_5V))
    (pad 3 smd rect (at -3.6 -2.925) (size 1.75 0.45) (layers F.Cu F.Paste F.Mask)
      (net 55 "/Analog Sensors/THERM_0"))
    (pad 4 smd rect (at -3.6 -2.275) (size 1.75 0.45) (layers F.Cu F.Paste F.Mask)
      (net 56 /MCU/PRESSURE))
    (pad 5 smd rect (at -3.6 -1.625) (size 1.75 0.45) (layers F.Cu F.Paste F.Mask)
      (net 58 /Power/CURR_AMP_12V))
    (pad 6 smd rect (at -3.6 -0.975) (size 1.75 0.45) (layers F.Cu F.Paste F.Mask)
      (net 40 "Net-(U1-Pad6)"))
    (pad 7 smd rect (at -3.6 -0.325) (size 1.75 0.45) (layers F.Cu F.Paste F.Mask)
      (net 41 "Net-(U1-Pad7)"))
    (pad 8 smd rect (at -3.6 0.325) (size 1.75 0.45) (layers F.Cu F.Paste F.Mask)
      (net 2 GND))
    (pad 9 smd rect (at -3.6 0.975) (size 1.75 0.45) (layers F.Cu F.Paste F.Mask)
      (net 36 /MCU/OSC1))
    (pad 10 smd rect (at -3.6 1.625) (size 1.75 0.45) (layers F.Cu F.Paste F.Mask)
      (net 37 /MCU/OSC2))
    (pad 11 smd rect (at -3.6 2.275) (size 1.75 0.45) (layers F.Cu F.Paste F.Mask)
      (net 42 "Net-(U1-Pad11)"))
    (pad 12 smd rect (at -3.6 2.925) (size 1.75 0.45) (layers F.Cu F.Paste F.Mask)
      (net 43 "Net-(U1-Pad12)"))
    (pad 13 smd rect (at -3.6 3.575) (size 1.75 0.45) (layers F.Cu F.Paste F.Mask)
      (net 44 "Net-(U1-Pad13)"))
    (pad 14 smd rect (at -3.6 4.225) (size 1.75 0.45) (layers F.Cu F.Paste F.Mask)
      (net 45 "Net-(U1-Pad14)"))
    (pad 15 smd rect (at 3.6 4.225) (size 1.75 0.45) (layers F.Cu F.Paste F.Mask)
      (net 46 "Net-(U1-Pad15)"))
    (pad 16 smd rect (at 3.6 3.575) (size 1.75 0.45) (layers F.Cu F.Paste F.Mask)
      (net 32 /MCU/CAN_RX))
    (pad 17 smd rect (at 3.6 2.925) (size 1.75 0.45) (layers F.Cu F.Paste F.Mask)
      (net 33 /MCU/CAN_TX))
    (pad 18 smd rect (at 3.6 2.275) (size 1.75 0.45) (layers F.Cu F.Paste F.Mask)
      (net 29 "/Digital Sensor Suite/IMU1_CS"))
    (pad 19 smd rect (at 3.6 1.625) (size 1.75 0.45) (layers F.Cu F.Paste F.Mask)
      (net 2 GND))
    (pad 20 smd rect (at 3.6 0.975) (size 1.75 0.45) (layers F.Cu F.Paste F.Mask)
      (net 5 +1V8))
    (pad 21 smd rect (at 3.6 0.325) (size 1.75 0.45) (layers F.Cu F.Paste F.Mask)
      (net 25 "/Digital Sensor Suite/SCLK"))
    (pad 22 smd rect (at 3.6 -0.325) (size 1.75 0.45) (layers F.Cu F.Paste F.Mask)
      (net 26 "/Digital Sensor Suite/MOSI"))
    (pad 23 smd rect (at 3.6 -0.975) (size 1.75 0.45) (layers F.Cu F.Paste F.Mask)
      (net 31 "/Digital Sensor Suite/MISO"))
    (pad 24 smd rect (at 3.6 -1.625) (size 1.75 0.45) (layers F.Cu F.Paste F.Mask)
      (net 34 "/Digital Sensor Suite/BARO_CS"))
    (pad 25 smd rect (at 3.6 -2.275) (size 1.75 0.45) (layers F.Cu F.Paste F.Mask)
      (net 30 "Net-(D1-Pad1)"))
    (pad 26 smd rect (at 3.6 -2.925) (size 1.75 0.45) (layers F.Cu F.Paste F.Mask)
      (net 27 "/Digital Sensor Suite/IMU2_CS"))
    (pad 27 smd rect (at 3.6 -3.575) (size 1.75 0.45) (layers F.Cu F.Paste F.Mask)
      (net 35 /MCU/ICSPCLK))
    (pad 28 smd rect (at 3.6 -4.225) (size 1.75 0.45) (layers F.Cu F.Paste F.Mask)
      (net 38 /MCU/ICSPDAT))
    (model ${KISYS3DMOD}/Package_SO.3dshapes/SSOP-28_5.3x10.2mm_P0.65mm.wrl
      (at (xyz 0 0 0))
      (scale (xyz 1 1 1))
      (rotate (xyz 0 0 0))
    )
  )

  (module canhw_footprints:PinHeader_5x2.54_SMD_90deg_952-3198-1-ND (layer B.Cu) (tedit 5BBBD10E) (tstamp 5C6F27FF)
    (at 154.305 74.295 180)
    (path /5BB1460E/5BB14897)
    (fp_text reference J2 (at 0 -2.54 180) (layer B.SilkS)
      (effects (font (size 1 1) (thickness 0.15)) (justify mirror))
    )
    (fp_text value "Programming Header" (at 0 0.5 180) (layer B.Fab)
      (effects (font (size 1 1) (thickness 0.15)) (justify mirror))
    )
    (fp_line (start -1.27 2.4) (end 11.43 2.4) (layer B.SilkS) (width 0.15))
    (fp_line (start -1.27 10.9) (end 11.43 10.9) (layer B.SilkS) (width 0.15))
    (fp_line (start -1.27 2.4) (end -1.27 10.9) (layer B.SilkS) (width 0.15))
    (fp_line (start 11.43 2.4) (end 11.43 10.9) (layer B.SilkS) (width 0.15))
    (fp_line (start 8.89 2.4) (end 8.89 10.9) (layer B.SilkS) (width 0.15))
    (fp_line (start 3.81 2.4) (end 3.81 10.9) (layer B.SilkS) (width 0.15))
    (fp_line (start 6.35 2.4) (end 6.35 10.9) (layer B.SilkS) (width 0.15))
    (fp_line (start 1.27 2.4) (end 1.27 10.9) (layer B.SilkS) (width 0.15))
    (fp_poly (pts (xy -1.2192 10.8458) (xy 1.2192 10.8458) (xy 1.2192 2.4638) (xy -1.2192 2.4638)) (layer B.SilkS) (width 0.15))
    (pad 1 smd rect (at 0 0 180) (size 1 2) (layers B.Cu B.Paste B.Mask)
      (net 24 /MCU/~MCLR))
    (pad 2 smd rect (at 2.54 0 180) (size 1 2) (layers B.Cu B.Paste B.Mask)
      (net 5 +1V8))
    (pad 3 smd rect (at 5.08 0 180) (size 1 2) (layers B.Cu B.Paste B.Mask)
      (net 2 GND))
    (pad 4 smd rect (at 7.62 0 180) (size 1 2) (layers B.Cu B.Paste B.Mask)
      (net 38 /MCU/ICSPDAT))
    (pad 5 smd rect (at 10.16 0 180) (size 1 2) (layers B.Cu B.Paste B.Mask)
      (net 35 /MCU/ICSPCLK))
  )

  (module Resistor_SMD:R_0805_2012Metric_Pad1.15x1.40mm_HandSolder (layer B.Cu) (tedit 5B36C52B) (tstamp 5C5FB707)
    (at 161.163 72.018 90)
    (descr "Resistor SMD 0805 (2012 Metric), square (rectangular) end terminal, IPC_7351 nominal with elongated pad for handsoldering. (Body size source: https://docs.google.com/spreadsheets/d/1BsfQQcO9C6DZCsRaXUlFlo91Tg2WpOkGARC1WS5S8t0/edit?usp=sharing), generated with kicad-footprint-generator")
    (tags "resistor handsolder")
    (path /5BB1460E/5BBCCFEA)
    (attr smd)
    (fp_text reference R4 (at -2.5146 -0.0254 180) (layer B.SilkS)
      (effects (font (size 1 1) (thickness 0.15)) (justify mirror))
    )
    (fp_text value 330R (at 0 -1.65 90) (layer B.Fab)
      (effects (font (size 1 1) (thickness 0.15)) (justify mirror))
    )
    (fp_text user %R (at 0 0 90) (layer B.Fab)
      (effects (font (size 0.5 0.5) (thickness 0.08)) (justify mirror))
    )
    (fp_line (start 1.85 -0.95) (end -1.85 -0.95) (layer B.CrtYd) (width 0.05))
    (fp_line (start 1.85 0.95) (end 1.85 -0.95) (layer B.CrtYd) (width 0.05))
    (fp_line (start -1.85 0.95) (end 1.85 0.95) (layer B.CrtYd) (width 0.05))
    (fp_line (start -1.85 -0.95) (end -1.85 0.95) (layer B.CrtYd) (width 0.05))
    (fp_line (start -0.261252 -0.71) (end 0.261252 -0.71) (layer B.SilkS) (width 0.12))
    (fp_line (start -0.261252 0.71) (end 0.261252 0.71) (layer B.SilkS) (width 0.12))
    (fp_line (start 1 -0.6) (end -1 -0.6) (layer B.Fab) (width 0.1))
    (fp_line (start 1 0.6) (end 1 -0.6) (layer B.Fab) (width 0.1))
    (fp_line (start -1 0.6) (end 1 0.6) (layer B.Fab) (width 0.1))
    (fp_line (start -1 -0.6) (end -1 0.6) (layer B.Fab) (width 0.1))
    (pad 2 smd roundrect (at 1.025 0 90) (size 1.15 1.4) (layers B.Cu B.Paste B.Mask) (roundrect_rratio 0.217391)
      (net 28 "Net-(D1-Pad2)"))
    (pad 1 smd roundrect (at -1.025 0 90) (size 1.15 1.4) (layers B.Cu B.Paste B.Mask) (roundrect_rratio 0.217391)
      (net 5 +1V8))
    (model ${KISYS3DMOD}/Resistor_SMD.3dshapes/R_0805_2012Metric.wrl
      (at (xyz 0 0 0))
      (scale (xyz 1 1 1))
      (rotate (xyz 0 0 0))
    )
  )

  (module LED_SMD:LED_1206_3216Metric_Pad1.42x1.75mm_HandSolder (layer F.Cu) (tedit 5B4B45C9) (tstamp 5C6C04BD)
    (at 154.051 73.8775 90)
    (descr "LED SMD 1206 (3216 Metric), square (rectangular) end terminal, IPC_7351 nominal, (Body size source: http://www.tortai-tech.com/upload/download/2011102023233369053.pdf), generated with kicad-footprint-generator")
    (tags "LED handsolder")
    (path /5BB1460E/5BBCCFE3)
    (attr smd)
    (fp_text reference D1 (at -3.3925 0 180) (layer F.SilkS)
      (effects (font (size 1 1) (thickness 0.15)))
    )
    (fp_text value LED (at 0 1.82 90) (layer F.Fab)
      (effects (font (size 1 1) (thickness 0.15)))
    )
    (fp_line (start 1.6 -0.8) (end -1.2 -0.8) (layer F.Fab) (width 0.1))
    (fp_line (start -1.2 -0.8) (end -1.6 -0.4) (layer F.Fab) (width 0.1))
    (fp_line (start -1.6 -0.4) (end -1.6 0.8) (layer F.Fab) (width 0.1))
    (fp_line (start -1.6 0.8) (end 1.6 0.8) (layer F.Fab) (width 0.1))
    (fp_line (start 1.6 0.8) (end 1.6 -0.8) (layer F.Fab) (width 0.1))
    (fp_line (start 1.6 -1.135) (end -2.46 -1.135) (layer F.SilkS) (width 0.12))
    (fp_line (start -2.46 -1.135) (end -2.46 1.135) (layer F.SilkS) (width 0.12))
    (fp_line (start -2.46 1.135) (end 1.6 1.135) (layer F.SilkS) (width 0.12))
    (fp_line (start -2.45 1.12) (end -2.45 -1.12) (layer F.CrtYd) (width 0.05))
    (fp_line (start -2.45 -1.12) (end 2.45 -1.12) (layer F.CrtYd) (width 0.05))
    (fp_line (start 2.45 -1.12) (end 2.45 1.12) (layer F.CrtYd) (width 0.05))
    (fp_line (start 2.45 1.12) (end -2.45 1.12) (layer F.CrtYd) (width 0.05))
    (fp_text user %R (at 0 0 90) (layer F.Fab)
      (effects (font (size 0.8 0.8) (thickness 0.12)))
    )
    (pad 1 smd roundrect (at -1.4875 0 90) (size 1.425 1.75) (layers F.Cu F.Paste F.Mask) (roundrect_rratio 0.175439)
      (net 30 "Net-(D1-Pad1)"))
    (pad 2 smd roundrect (at 1.4875 0 90) (size 1.425 1.75) (layers F.Cu F.Paste F.Mask) (roundrect_rratio 0.175439)
      (net 28 "Net-(D1-Pad2)"))
    (model ${KISYS3DMOD}/LED_SMD.3dshapes/LED_1206_3216Metric.wrl
      (at (xyz 0 0 0))
      (scale (xyz 1 1 1))
      (rotate (xyz 0 0 0))
    )
  )

  (module Package_SO:SOIC-8_3.9x4.9mm_P1.27mm (layer F.Cu) (tedit 5A02F2D3) (tstamp 5C5FE6D7)
    (at 160.2054 84.0486)
    (descr "8-Lead Plastic Small Outline (SN) - Narrow, 3.90 mm Body [SOIC] (see Microchip Packaging Specification 00000049BS.pdf)")
    (tags "SOIC 1.27")
    (path /5BB1460E/5BB14883)
    (attr smd)
    (fp_text reference U6 (at 3.081 3.175) (layer F.SilkS)
      (effects (font (size 1 1) (thickness 0.15)))
    )
    (fp_text value MCP2562 (at 0 3.5) (layer F.Fab)
      (effects (font (size 1 1) (thickness 0.15)))
    )
    (fp_text user %R (at 0 0) (layer F.Fab)
      (effects (font (size 1 1) (thickness 0.15)))
    )
    (fp_line (start -0.95 -2.45) (end 1.95 -2.45) (layer F.Fab) (width 0.1))
    (fp_line (start 1.95 -2.45) (end 1.95 2.45) (layer F.Fab) (width 0.1))
    (fp_line (start 1.95 2.45) (end -1.95 2.45) (layer F.Fab) (width 0.1))
    (fp_line (start -1.95 2.45) (end -1.95 -1.45) (layer F.Fab) (width 0.1))
    (fp_line (start -1.95 -1.45) (end -0.95 -2.45) (layer F.Fab) (width 0.1))
    (fp_line (start -3.73 -2.7) (end -3.73 2.7) (layer F.CrtYd) (width 0.05))
    (fp_line (start 3.73 -2.7) (end 3.73 2.7) (layer F.CrtYd) (width 0.05))
    (fp_line (start -3.73 -2.7) (end 3.73 -2.7) (layer F.CrtYd) (width 0.05))
    (fp_line (start -3.73 2.7) (end 3.73 2.7) (layer F.CrtYd) (width 0.05))
    (fp_line (start -2.075 -2.575) (end -2.075 -2.525) (layer F.SilkS) (width 0.15))
    (fp_line (start 2.075 -2.575) (end 2.075 -2.43) (layer F.SilkS) (width 0.15))
    (fp_line (start 2.075 2.575) (end 2.075 2.43) (layer F.SilkS) (width 0.15))
    (fp_line (start -2.075 2.575) (end -2.075 2.43) (layer F.SilkS) (width 0.15))
    (fp_line (start -2.075 -2.575) (end 2.075 -2.575) (layer F.SilkS) (width 0.15))
    (fp_line (start -2.075 2.575) (end 2.075 2.575) (layer F.SilkS) (width 0.15))
    (fp_line (start -2.075 -2.525) (end -3.475 -2.525) (layer F.SilkS) (width 0.15))
    (pad 1 smd rect (at -2.7 -1.905) (size 1.55 0.6) (layers F.Cu F.Paste F.Mask)
      (net 33 /MCU/CAN_TX))
    (pad 2 smd rect (at -2.7 -0.635) (size 1.55 0.6) (layers F.Cu F.Paste F.Mask)
      (net 2 GND))
    (pad 3 smd rect (at -2.7 0.635) (size 1.55 0.6) (layers F.Cu F.Paste F.Mask)
      (net 21 +5V))
    (pad 4 smd rect (at -2.7 1.905) (size 1.55 0.6) (layers F.Cu F.Paste F.Mask)
      (net 32 /MCU/CAN_RX))
    (pad 5 smd rect (at 2.7 1.905) (size 1.55 0.6) (layers F.Cu F.Paste F.Mask)
      (net 5 +1V8))
    (pad 6 smd rect (at 2.7 0.635) (size 1.55 0.6) (layers F.Cu F.Paste F.Mask)
      (net 3 CANL))
    (pad 7 smd rect (at 2.7 -0.635) (size 1.55 0.6) (layers F.Cu F.Paste F.Mask)
      (net 4 CANH))
    (pad 8 smd rect (at 2.7 -1.905) (size 1.55 0.6) (layers F.Cu F.Paste F.Mask)
      (net 2 GND))
    (model ${KISYS3DMOD}/Package_SO.3dshapes/SOIC-8_3.9x4.9mm_P1.27mm.wrl
      (at (xyz 0 0 0))
      (scale (xyz 1 1 1))
      (rotate (xyz 0 0 0))
    )
  )

  (module Capacitor_SMD:C_0805_2012Metric_Pad1.15x1.40mm_HandSolder (layer F.Cu) (tedit 5B36C52B) (tstamp 5C5FB572)
    (at 154.178 79.765 270)
    (descr "Capacitor SMD 0805 (2012 Metric), square (rectangular) end terminal, IPC_7351 nominal with elongated pad for handsoldering. (Body size source: https://docs.google.com/spreadsheets/d/1BsfQQcO9C6DZCsRaXUlFlo91Tg2WpOkGARC1WS5S8t0/edit?usp=sharing), generated with kicad-footprint-generator")
    (tags "capacitor handsolder")
    (path /5BB1460E/5BBC5D54)
    (attr smd)
    (fp_text reference C12 (at -2.531 0.508) (layer F.SilkS)
      (effects (font (size 1 1) (thickness 0.15)))
    )
    (fp_text value 0.1uF (at 0 1.65 270) (layer F.Fab)
      (effects (font (size 1 1) (thickness 0.15)))
    )
    (fp_line (start -1 0.6) (end -1 -0.6) (layer F.Fab) (width 0.1))
    (fp_line (start -1 -0.6) (end 1 -0.6) (layer F.Fab) (width 0.1))
    (fp_line (start 1 -0.6) (end 1 0.6) (layer F.Fab) (width 0.1))
    (fp_line (start 1 0.6) (end -1 0.6) (layer F.Fab) (width 0.1))
    (fp_line (start -0.261252 -0.71) (end 0.261252 -0.71) (layer F.SilkS) (width 0.12))
    (fp_line (start -0.261252 0.71) (end 0.261252 0.71) (layer F.SilkS) (width 0.12))
    (fp_line (start -1.85 0.95) (end -1.85 -0.95) (layer F.CrtYd) (width 0.05))
    (fp_line (start -1.85 -0.95) (end 1.85 -0.95) (layer F.CrtYd) (width 0.05))
    (fp_line (start 1.85 -0.95) (end 1.85 0.95) (layer F.CrtYd) (width 0.05))
    (fp_line (start 1.85 0.95) (end -1.85 0.95) (layer F.CrtYd) (width 0.05))
    (fp_text user %R (at 0 0 270) (layer F.Fab)
      (effects (font (size 0.5 0.5) (thickness 0.08)))
    )
    (pad 1 smd roundrect (at -1.025 0 270) (size 1.15 1.4) (layers F.Cu F.Paste F.Mask) (roundrect_rratio 0.217391)
      (net 2 GND))
    (pad 2 smd roundrect (at 1.025 0 270) (size 1.15 1.4) (layers F.Cu F.Paste F.Mask) (roundrect_rratio 0.217391)
      (net 5 +1V8))
    (model ${KISYS3DMOD}/Capacitor_SMD.3dshapes/C_0805_2012Metric.wrl
      (at (xyz 0 0 0))
      (scale (xyz 1 1 1))
      (rotate (xyz 0 0 0))
    )
  )

  (module TestPoint:TestPoint_THTPad_D1.0mm_Drill0.5mm (layer B.Cu) (tedit 5A0F774F) (tstamp 5C5FB739)
    (at 155.0416 87.63)
    (descr "THT pad as test Point, diameter 1.0mm, hole diameter 0.5mm")
    (tags "test point THT pad")
    (path /5BB129A7/5BDCB8C1)
    (attr virtual)
    (fp_text reference TP4 (at 2.032 0) (layer B.SilkS)
      (effects (font (size 1 1) (thickness 0.15)) (justify mirror))
    )
    (fp_text value TestPoint (at 0 -1.55) (layer B.Fab)
      (effects (font (size 1 1) (thickness 0.15)) (justify mirror))
    )
    (fp_text user %R (at 0 1.45) (layer B.Fab)
      (effects (font (size 1 1) (thickness 0.15)) (justify mirror))
    )
    (fp_circle (center 0 0) (end 1 0) (layer B.CrtYd) (width 0.05))
    (fp_circle (center 0 0) (end 0 -0.7) (layer B.SilkS) (width 0.12))
    (pad 1 thru_hole circle (at 0 0) (size 1 1) (drill 0.5) (layers *.Cu *.Mask)
      (net 22 "Net-(F2-Pad1)"))
  )

  (module MountingHole:MountingHole_3.2mm_M3_DIN965_Pad locked (layer F.Cu) (tedit 5C5FACE5) (tstamp 5C6F41B1)
    (at 130.175 91.44)
    (descr "Mounting Hole 3.2mm, M3, DIN965")
    (tags "mounting hole 3.2mm m3 din965")
    (attr virtual)
    (fp_text reference REF** (at 0 -3.8) (layer F.SilkS) hide
      (effects (font (size 1 1) (thickness 0.15)))
    )
    (fp_text value MountingHole_3.2mm_M3_DIN965_Pad (at 0 3.8) (layer F.Fab)
      (effects (font (size 1 1) (thickness 0.15)))
    )
    (fp_text user %R (at 0.3 0) (layer F.Fab)
      (effects (font (size 1 1) (thickness 0.15)))
    )
    (fp_circle (center 0 0) (end 2.8 0) (layer Cmts.User) (width 0.15))
    (fp_circle (center 0 0) (end 3.05 0) (layer F.CrtYd) (width 0.05))
    (pad 1 thru_hole circle (at 0 0) (size 5.6 5.6) (drill 3.2) (layers *.Cu *.Mask))
  )

  (module MountingHole:MountingHole_3.2mm_M3_DIN965_Pad locked (layer F.Cu) (tedit 5C5FACE9) (tstamp 5C6C0441)
    (at 161.925 91.44)
    (descr "Mounting Hole 3.2mm, M3, DIN965")
    (tags "mounting hole 3.2mm m3 din965")
    (attr virtual)
    (fp_text reference REF** (at 0 -3.8) (layer F.SilkS) hide
      (effects (font (size 1 1) (thickness 0.15)))
    )
    (fp_text value MountingHole_3.2mm_M3_DIN965_Pad (at 0 3.8) (layer F.Fab)
      (effects (font (size 1 1) (thickness 0.15)))
    )
    (fp_circle (center 0 0) (end 3.05 0) (layer F.CrtYd) (width 0.05))
    (fp_circle (center 0 0) (end 2.8 0) (layer Cmts.User) (width 0.15))
    (fp_text user %R (at 0.3 0) (layer F.Fab)
      (effects (font (size 1 1) (thickness 0.15)))
    )
    (pad 1 thru_hole circle (at 0 0) (size 5.6 5.6) (drill 3.2) (layers *.Cu *.Mask))
  )

  (module MountingHole:MountingHole_3.2mm_M3_DIN965_Pad locked (layer F.Cu) (tedit 5C5FACDC) (tstamp 5C6C07B4)
    (at 161.925 66.04)
    (descr "Mounting Hole 3.2mm, M3, DIN965")
    (tags "mounting hole 3.2mm m3 din965")
    (attr virtual)
    (fp_text reference REF** (at 0 -3.8) (layer F.SilkS) hide
      (effects (font (size 1 1) (thickness 0.15)))
    )
    (fp_text value MountingHole_3.2mm_M3_DIN965_Pad (at 0 3.8) (layer F.Fab)
      (effects (font (size 1 1) (thickness 0.15)))
    )
    (fp_text user %R (at 0.3 0) (layer F.Fab)
      (effects (font (size 1 1) (thickness 0.15)))
    )
    (fp_circle (center 0 0) (end 2.8 0) (layer Cmts.User) (width 0.15))
    (fp_circle (center 0 0) (end 3.05 0) (layer F.CrtYd) (width 0.05))
    (pad 1 thru_hole circle (at 0 0) (size 5.6 5.6) (drill 3.2) (layers *.Cu *.Mask))
  )

  (module Capacitor_SMD:C_0805_2012Metric_Pad1.15x1.40mm_HandSolder (layer B.Cu) (tedit 5B36C52B) (tstamp 5C67A415)
    (at 152.3492 85.5382 270)
    (descr "Capacitor SMD 0805 (2012 Metric), square (rectangular) end terminal, IPC_7351 nominal with elongated pad for handsoldering. (Body size source: https://docs.google.com/spreadsheets/d/1BsfQQcO9C6DZCsRaXUlFlo91Tg2WpOkGARC1WS5S8t0/edit?usp=sharing), generated with kicad-footprint-generator")
    (tags "capacitor handsolder")
    (path /5BB129A7/5BB12B55)
    (attr smd)
    (fp_text reference C6 (at 1.7362 -1.905) (layer B.SilkS)
      (effects (font (size 1 1) (thickness 0.15)) (justify mirror))
    )
    (fp_text value 0.1uF (at 0 -1.65 270) (layer B.Fab)
      (effects (font (size 1 1) (thickness 0.15)) (justify mirror))
    )
    (fp_text user %R (at 0 0 270) (layer B.Fab)
      (effects (font (size 0.5 0.5) (thickness 0.08)) (justify mirror))
    )
    (fp_line (start 1.85 -0.95) (end -1.85 -0.95) (layer B.CrtYd) (width 0.05))
    (fp_line (start 1.85 0.95) (end 1.85 -0.95) (layer B.CrtYd) (width 0.05))
    (fp_line (start -1.85 0.95) (end 1.85 0.95) (layer B.CrtYd) (width 0.05))
    (fp_line (start -1.85 -0.95) (end -1.85 0.95) (layer B.CrtYd) (width 0.05))
    (fp_line (start -0.261252 -0.71) (end 0.261252 -0.71) (layer B.SilkS) (width 0.12))
    (fp_line (start -0.261252 0.71) (end 0.261252 0.71) (layer B.SilkS) (width 0.12))
    (fp_line (start 1 -0.6) (end -1 -0.6) (layer B.Fab) (width 0.1))
    (fp_line (start 1 0.6) (end 1 -0.6) (layer B.Fab) (width 0.1))
    (fp_line (start -1 0.6) (end 1 0.6) (layer B.Fab) (width 0.1))
    (fp_line (start -1 -0.6) (end -1 0.6) (layer B.Fab) (width 0.1))
    (pad 2 smd roundrect (at 1.025 0 270) (size 1.15 1.4) (layers B.Cu B.Paste B.Mask) (roundrect_rratio 0.217391)
      (net 21 +5V))
    (pad 1 smd roundrect (at -1.025 0 270) (size 1.15 1.4) (layers B.Cu B.Paste B.Mask) (roundrect_rratio 0.217391)
      (net 2 GND))
    (model ${KISYS3DMOD}/Capacitor_SMD.3dshapes/C_0805_2012Metric.wrl
      (at (xyz 0 0 0))
      (scale (xyz 1 1 1))
      (rotate (xyz 0 0 0))
    )
  )

  (module Capacitor_SMD:C_0805_2012Metric_Pad1.15x1.40mm_HandSolder (layer B.Cu) (tedit 5B36C52B) (tstamp 5C5FB550)
    (at 140.5128 77.1816 90)
    (descr "Capacitor SMD 0805 (2012 Metric), square (rectangular) end terminal, IPC_7351 nominal with elongated pad for handsoldering. (Body size source: https://docs.google.com/spreadsheets/d/1BsfQQcO9C6DZCsRaXUlFlo91Tg2WpOkGARC1WS5S8t0/edit?usp=sharing), generated with kicad-footprint-generator")
    (tags "capacitor handsolder")
    (path /5BB1460E/5BBBAE12)
    (attr smd)
    (fp_text reference C9 (at -2.7776 0 180) (layer B.SilkS)
      (effects (font (size 1 1) (thickness 0.15)) (justify mirror))
    )
    (fp_text value 26pF (at 0 -1.65 90) (layer B.Fab)
      (effects (font (size 1 1) (thickness 0.15)) (justify mirror))
    )
    (fp_line (start -1 -0.6) (end -1 0.6) (layer B.Fab) (width 0.1))
    (fp_line (start -1 0.6) (end 1 0.6) (layer B.Fab) (width 0.1))
    (fp_line (start 1 0.6) (end 1 -0.6) (layer B.Fab) (width 0.1))
    (fp_line (start 1 -0.6) (end -1 -0.6) (layer B.Fab) (width 0.1))
    (fp_line (start -0.261252 0.71) (end 0.261252 0.71) (layer B.SilkS) (width 0.12))
    (fp_line (start -0.261252 -0.71) (end 0.261252 -0.71) (layer B.SilkS) (width 0.12))
    (fp_line (start -1.85 -0.95) (end -1.85 0.95) (layer B.CrtYd) (width 0.05))
    (fp_line (start -1.85 0.95) (end 1.85 0.95) (layer B.CrtYd) (width 0.05))
    (fp_line (start 1.85 0.95) (end 1.85 -0.95) (layer B.CrtYd) (width 0.05))
    (fp_line (start 1.85 -0.95) (end -1.85 -0.95) (layer B.CrtYd) (width 0.05))
    (fp_text user %R (at 0 0 90) (layer B.Fab)
      (effects (font (size 0.5 0.5) (thickness 0.08)) (justify mirror))
    )
    (pad 1 smd roundrect (at -1.025 0 90) (size 1.15 1.4) (layers B.Cu B.Paste B.Mask) (roundrect_rratio 0.217391)
      (net 36 /MCU/OSC1))
    (pad 2 smd roundrect (at 1.025 0 90) (size 1.15 1.4) (layers B.Cu B.Paste B.Mask) (roundrect_rratio 0.217391)
      (net 2 GND))
    (model ${KISYS3DMOD}/Capacitor_SMD.3dshapes/C_0805_2012Metric.wrl
      (at (xyz 0 0 0))
      (scale (xyz 1 1 1))
      (rotate (xyz 0 0 0))
    )
  )

  (module Capacitor_SMD:C_0805_2012Metric_Pad1.15x1.40mm_HandSolder (layer B.Cu) (tedit 5B36C52B) (tstamp 5C5FB561)
    (at 140.2842 84.3534 270)
    (descr "Capacitor SMD 0805 (2012 Metric), square (rectangular) end terminal, IPC_7351 nominal with elongated pad for handsoldering. (Body size source: https://docs.google.com/spreadsheets/d/1BsfQQcO9C6DZCsRaXUlFlo91Tg2WpOkGARC1WS5S8t0/edit?usp=sharing), generated with kicad-footprint-generator")
    (tags "capacitor handsolder")
    (path /5BB1460E/5BBBAFE7)
    (attr smd)
    (fp_text reference C10 (at 2.5818 0.5588) (layer B.SilkS)
      (effects (font (size 1 1) (thickness 0.15)) (justify mirror))
    )
    (fp_text value 26pF (at 0 -1.65 270) (layer B.Fab)
      (effects (font (size 1 1) (thickness 0.15)) (justify mirror))
    )
    (fp_text user %R (at 0 0 270) (layer B.Fab)
      (effects (font (size 0.5 0.5) (thickness 0.08)) (justify mirror))
    )
    (fp_line (start 1.85 -0.95) (end -1.85 -0.95) (layer B.CrtYd) (width 0.05))
    (fp_line (start 1.85 0.95) (end 1.85 -0.95) (layer B.CrtYd) (width 0.05))
    (fp_line (start -1.85 0.95) (end 1.85 0.95) (layer B.CrtYd) (width 0.05))
    (fp_line (start -1.85 -0.95) (end -1.85 0.95) (layer B.CrtYd) (width 0.05))
    (fp_line (start -0.261252 -0.71) (end 0.261252 -0.71) (layer B.SilkS) (width 0.12))
    (fp_line (start -0.261252 0.71) (end 0.261252 0.71) (layer B.SilkS) (width 0.12))
    (fp_line (start 1 -0.6) (end -1 -0.6) (layer B.Fab) (width 0.1))
    (fp_line (start 1 0.6) (end 1 -0.6) (layer B.Fab) (width 0.1))
    (fp_line (start -1 0.6) (end 1 0.6) (layer B.Fab) (width 0.1))
    (fp_line (start -1 -0.6) (end -1 0.6) (layer B.Fab) (width 0.1))
    (pad 2 smd roundrect (at 1.025 0 270) (size 1.15 1.4) (layers B.Cu B.Paste B.Mask) (roundrect_rratio 0.217391)
      (net 2 GND))
    (pad 1 smd roundrect (at -1.025 0 270) (size 1.15 1.4) (layers B.Cu B.Paste B.Mask) (roundrect_rratio 0.217391)
      (net 37 /MCU/OSC2))
    (model ${KISYS3DMOD}/Capacitor_SMD.3dshapes/C_0805_2012Metric.wrl
      (at (xyz 0 0 0))
      (scale (xyz 1 1 1))
      (rotate (xyz 0 0 0))
    )
  )

  (module Capacitor_SMD:C_0805_2012Metric_Pad1.15x1.40mm_HandSolder (layer F.Cu) (tedit 5B36C52B) (tstamp 5C6F2EE4)
    (at 154.178 84.455 90)
    (descr "Capacitor SMD 0805 (2012 Metric), square (rectangular) end terminal, IPC_7351 nominal with elongated pad for handsoldering. (Body size source: https://docs.google.com/spreadsheets/d/1BsfQQcO9C6DZCsRaXUlFlo91Tg2WpOkGARC1WS5S8t0/edit?usp=sharing), generated with kicad-footprint-generator")
    (tags "capacitor handsolder")
    (path /5BB1460E/5BBBB1DA)
    (attr smd)
    (fp_text reference C14 (at -2.295 0.127 180) (layer F.SilkS)
      (effects (font (size 1 1) (thickness 0.15)))
    )
    (fp_text value 10uF (at 0 1.65 90) (layer F.Fab)
      (effects (font (size 1 1) (thickness 0.15)))
    )
    (fp_text user %R (at 0 0 90) (layer F.Fab)
      (effects (font (size 0.5 0.5) (thickness 0.08)))
    )
    (fp_line (start 1.85 0.95) (end -1.85 0.95) (layer F.CrtYd) (width 0.05))
    (fp_line (start 1.85 -0.95) (end 1.85 0.95) (layer F.CrtYd) (width 0.05))
    (fp_line (start -1.85 -0.95) (end 1.85 -0.95) (layer F.CrtYd) (width 0.05))
    (fp_line (start -1.85 0.95) (end -1.85 -0.95) (layer F.CrtYd) (width 0.05))
    (fp_line (start -0.261252 0.71) (end 0.261252 0.71) (layer F.SilkS) (width 0.12))
    (fp_line (start -0.261252 -0.71) (end 0.261252 -0.71) (layer F.SilkS) (width 0.12))
    (fp_line (start 1 0.6) (end -1 0.6) (layer F.Fab) (width 0.1))
    (fp_line (start 1 -0.6) (end 1 0.6) (layer F.Fab) (width 0.1))
    (fp_line (start -1 -0.6) (end 1 -0.6) (layer F.Fab) (width 0.1))
    (fp_line (start -1 0.6) (end -1 -0.6) (layer F.Fab) (width 0.1))
    (pad 2 smd roundrect (at 1.025 0 90) (size 1.15 1.4) (layers F.Cu F.Paste F.Mask) (roundrect_rratio 0.217391)
      (net 2 GND))
    (pad 1 smd roundrect (at -1.025 0 90) (size 1.15 1.4) (layers F.Cu F.Paste F.Mask) (roundrect_rratio 0.217391)
      (net 21 +5V))
    (model ${KISYS3DMOD}/Capacitor_SMD.3dshapes/C_0805_2012Metric.wrl
      (at (xyz 0 0 0))
      (scale (xyz 1 1 1))
      (rotate (xyz 0 0 0))
    )
  )

  (module Capacitor_SMD:C_0805_2012Metric_Pad1.15x1.40mm_HandSolder (layer B.Cu) (tedit 5B36C52B) (tstamp 5C5FB594)
    (at 155.575 82.305 90)
    (descr "Capacitor SMD 0805 (2012 Metric), square (rectangular) end terminal, IPC_7351 nominal with elongated pad for handsoldering. (Body size source: https://docs.google.com/spreadsheets/d/1BsfQQcO9C6DZCsRaXUlFlo91Tg2WpOkGARC1WS5S8t0/edit?usp=sharing), generated with kicad-footprint-generator")
    (tags "capacitor handsolder")
    (path /5BB129A7/5BD835B6)
    (attr smd)
    (fp_text reference C15 (at -2.4548 0.0508 180) (layer B.SilkS)
      (effects (font (size 1 1) (thickness 0.15)) (justify mirror))
    )
    (fp_text value 1uF (at 0 -1.65 90) (layer B.Fab)
      (effects (font (size 1 1) (thickness 0.15)) (justify mirror))
    )
    (fp_text user %R (at 0 0 90) (layer B.Fab)
      (effects (font (size 0.5 0.5) (thickness 0.08)) (justify mirror))
    )
    (fp_line (start 1.85 -0.95) (end -1.85 -0.95) (layer B.CrtYd) (width 0.05))
    (fp_line (start 1.85 0.95) (end 1.85 -0.95) (layer B.CrtYd) (width 0.05))
    (fp_line (start -1.85 0.95) (end 1.85 0.95) (layer B.CrtYd) (width 0.05))
    (fp_line (start -1.85 -0.95) (end -1.85 0.95) (layer B.CrtYd) (width 0.05))
    (fp_line (start -0.261252 -0.71) (end 0.261252 -0.71) (layer B.SilkS) (width 0.12))
    (fp_line (start -0.261252 0.71) (end 0.261252 0.71) (layer B.SilkS) (width 0.12))
    (fp_line (start 1 -0.6) (end -1 -0.6) (layer B.Fab) (width 0.1))
    (fp_line (start 1 0.6) (end 1 -0.6) (layer B.Fab) (width 0.1))
    (fp_line (start -1 0.6) (end 1 0.6) (layer B.Fab) (width 0.1))
    (fp_line (start -1 -0.6) (end -1 0.6) (layer B.Fab) (width 0.1))
    (pad 2 smd roundrect (at 1.025 0 90) (size 1.15 1.4) (layers B.Cu B.Paste B.Mask) (roundrect_rratio 0.217391)
      (net 2 GND))
