(kicad_pcb (version 20171130) (host pcbnew "(5.0.0-3-g5ebb6b6)")

  (general
    (thickness 1.6)
    (drawings 0)
    (tracks 25)
    (zones 0)
    (modules 59)
    (nets 53)
  )

  (page A4)
  (layers
    (0 F.Cu signal)
    (31 B.Cu signal)
    (32 B.Adhes user)
    (33 F.Adhes user)
    (34 B.Paste user)
    (35 F.Paste user)
    (36 B.SilkS user)
    (37 F.SilkS user)
    (38 B.Mask user)
    (39 F.Mask user)
    (40 Dwgs.User user)
    (41 Cmts.User user)
    (42 Eco1.User user)
    (43 Eco2.User user)
    (44 Edge.Cuts user)
    (45 Margin user)
    (46 B.CrtYd user)
    (47 F.CrtYd user)
    (48 B.Fab user)
    (49 F.Fab user)
  )

  (setup
    (last_trace_width 0.762)
    (user_trace_width 0.254)
    (user_trace_width 0.508)
    (user_trace_width 0.762)
    (trace_clearance 0.2)
    (zone_clearance 0.508)
    (zone_45_only no)
    (trace_min 0.2)
    (segment_width 0.2)
    (edge_width 0.15)
    (via_size 0.8)
    (via_drill 0.4)
    (via_min_size 0.4)
    (via_min_drill 0.3)
    (uvia_size 0.3)
    (uvia_drill 0.1)
    (uvias_allowed no)
    (uvia_min_size 0.2)
    (uvia_min_drill 0.1)
    (pcb_text_width 0.3)
    (pcb_text_size 1.5 1.5)
    (mod_edge_width 0.15)
    (mod_text_size 1 1)
    (mod_text_width 0.15)
    (pad_size 1.524 1.524)
    (pad_drill 0.762)
    (pad_to_mask_clearance 0.2)
    (aux_axis_origin 0 0)
    (visible_elements FFFFFF7F)
    (pcbplotparams
      (layerselection 0x010fc_ffffffff)
      (usegerberextensions false)
      (usegerberattributes false)
      (usegerberadvancedattributes false)
      (creategerberjobfile false)
      (excludeedgelayer true)
      (linewidth 0.100000)
      (plotframeref false)
      (viasonmask false)
      (mode 1)
      (useauxorigin false)
      (hpglpennumber 1)
      (hpglpenspeed 20)
      (hpglpendiameter 15.000000)
      (psnegative false)
      (psa4output false)
      (plotreference true)
      (plotvalue true)
      (plotinvisibletext false)
      (padsonsilk false)
      (subtractmaskfromsilk false)
      (outputformat 1)
      (mirror false)
      (drillshape 1)
      (scaleselection 1)
      (outputdirectory ""))
  )

  (net 0 "")
  (net 1 "/Linear Actuator Driver/MOTOR_V-")
  (net 2 +5V)
  (net 3 "/Linear Actuator Driver/MOTOR_V+")
  (net 4 GND)
  (net 5 /Microcontroller/MOTOR_FEEDBACK)
  (net 6 CANH)
  (net 7 CANL)
  (net 8 "Net-(J2-Pad1)")
  (net 9 "Net-(F2-Pad2)")
  (net 10 "Net-(F1-Pad1)")
  (net 11 +BATT)
  (net 12 "/Linear Actuator Driver/SCL")
  (net 13 "/Linear Actuator Driver/SDA")
  (net 14 +5VBAT)
  (net 15 "Net-(U6-Pad1)")
  (net 16 "Net-(U4-Pad1)")
  (net 17 "Net-(F2-Pad1)")
  (net 18 "Net-(Q1-Pad1)")
  (net 19 /Microcontroller/VBAT)
  (net 20 "/Linear Actuator Driver/~LIM_LOW")
  (net 21 "Net-(Q8-Pad1)")
  (net 22 "/Linear Actuator Driver/MCU_BWD")
  (net 23 "Net-(Q7-Pad1)")
  (net 24 "/Linear Actuator Driver/~MOTOR_BWD")
  (net 25 "Net-(Q2-Pad1)")
  (net 26 "/Linear Actuator Driver/~LIM_HIGH")
  (net 27 "/Linear Actuator Driver/~MOTOR_FWD")
  (net 28 "/Linear Actuator Driver/MCU_FWD")
  (net 29 "Net-(R7-Pad2)")
  (net 30 "Net-(D3-Pad1)")
  (net 31 "Net-(D2-Pad1)")
  (net 32 "Net-(R6-Pad2)")
  (net 33 "Net-(R5-Pad2)")
  (net 34 "Net-(D1-Pad1)")
  (net 35 /Microcontroller/~MCLR)
  (net 36 /Microcontroller/ICSPDAT)
  (net 37 /Microcontroller/ICSPCLK)
  (net 38 "Net-(Q7-Pad2)")
  (net 39 "Net-(Q1-Pad2)")
  (net 40 /Microcontroller/CURR_AMP)
  (net 41 /Microcontroller/CAN_RX)
  (net 42 /Microcontroller/CAN_TX)
  (net 43 "Net-(U9-Pad5)")
  (net 44 "Net-(U9-Pad4)")
  (net 45 "Net-(U3-Pad13)")
  (net 46 /Microcontroller/OSC2)
  (net 47 /Microcontroller/OSC1)
  (net 48 "Net-(U3-Pad21)")
  (net 49 "Net-(U3-Pad7)")
  (net 50 "Net-(U3-Pad6)")
  (net 51 "Net-(U3-Pad5)")
  (net 52 "Net-(U3-Pad4)")

  (net_class Default "This is the default net class."
    (clearance 0.2)
    (trace_width 0.25)
    (via_dia 0.8)
    (via_drill 0.4)
    (uvia_dia 0.3)
    (uvia_drill 0.1)
    (add_net +5V)
    (add_net +5VBAT)
    (add_net +BATT)
    (add_net "/Linear Actuator Driver/MCU_BWD")
    (add_net "/Linear Actuator Driver/MCU_FWD")
    (add_net "/Linear Actuator Driver/MOTOR_V+")
    (add_net "/Linear Actuator Driver/MOTOR_V-")
    (add_net "/Linear Actuator Driver/SCL")
    (add_net "/Linear Actuator Driver/SDA")
    (add_net "/Linear Actuator Driver/~LIM_HIGH")
    (add_net "/Linear Actuator Driver/~LIM_LOW")
    (add_net "/Linear Actuator Driver/~MOTOR_BWD")
    (add_net "/Linear Actuator Driver/~MOTOR_FWD")
    (add_net /Microcontroller/CAN_RX)
    (add_net /Microcontroller/CAN_TX)
    (add_net /Microcontroller/CURR_AMP)
    (add_net /Microcontroller/ICSPCLK)
    (add_net /Microcontroller/ICSPDAT)
    (add_net /Microcontroller/MOTOR_FEEDBACK)
    (add_net /Microcontroller/OSC1)
    (add_net /Microcontroller/OSC2)
    (add_net /Microcontroller/VBAT)
    (add_net /Microcontroller/~MCLR)
    (add_net CANH)
    (add_net CANL)
    (add_net GND)
    (add_net "Net-(D1-Pad1)")
    (add_net "Net-(D2-Pad1)")
    (add_net "Net-(D3-Pad1)")
    (add_net "Net-(F1-Pad1)")
    (add_net "Net-(F2-Pad1)")
    (add_net "Net-(F2-Pad2)")
    (add_net "Net-(J2-Pad1)")
    (add_net "Net-(Q1-Pad1)")
    (add_net "Net-(Q1-Pad2)")
    (add_net "Net-(Q2-Pad1)")
    (add_net "Net-(Q7-Pad1)")
    (add_net "Net-(Q7-Pad2)")
    (add_net "Net-(Q8-Pad1)")
    (add_net "Net-(R5-Pad2)")
    (add_net "Net-(R6-Pad2)")
    (add_net "Net-(R7-Pad2)")
    (add_net "Net-(U3-Pad13)")
    (add_net "Net-(U3-Pad21)")
    (add_net "Net-(U3-Pad4)")
    (add_net "Net-(U3-Pad5)")
    (add_net "Net-(U3-Pad6)")
    (add_net "Net-(U3-Pad7)")
    (add_net "Net-(U4-Pad1)")
    (add_net "Net-(U6-Pad1)")
    (add_net "Net-(U9-Pad4)")
    (add_net "Net-(U9-Pad5)")
  )

  (module MountingHole:MountingHole_3.2mm_M3_Pad (layer F.Cu) (tedit 56D1B4CB) (tstamp 5BE381A9)
    (at 132.08 76.2)
    (descr "Mounting Hole 3.2mm, M3")
    (tags "mounting hole 3.2mm m3")
    (attr virtual)
    (fp_text reference REF** (at 0 -4.2) (layer F.SilkS)
      (effects (font (size 1 1) (thickness 0.15)))
    )
    (fp_text value MountingHole_3.2mm_M3_Pad (at 0 4.2) (layer F.Fab)
      (effects (font (size 1 1) (thickness 0.15)))
    )
    (fp_circle (center 0 0) (end 3.45 0) (layer F.CrtYd) (width 0.05))
    (fp_circle (center 0 0) (end 3.2 0) (layer Cmts.User) (width 0.15))
    (fp_text user %R (at 0.3 0) (layer F.Fab)
      (effects (font (size 1 1) (thickness 0.15)))
    )
    (pad 1 thru_hole circle (at 0 0) (size 6.4 6.4) (drill 3.2) (layers *.Cu *.Mask))
  )

  (module MountingHole:MountingHole_3.2mm_M3_Pad (layer F.Cu) (tedit 56D1B4CB) (tstamp 5BE37B32)
    (at 165.1 66.04)
    (descr "Mounting Hole 3.2mm, M3")
    (tags "mounting hole 3.2mm m3")
    (attr virtual)
    (fp_text reference REF** (at 0 -4.2) (layer F.SilkS)
      (effects (font (size 1 1) (thickness 0.15)))
    )
    (fp_text value MountingHole_3.2mm_M3_Pad (at 0 4.2) (layer F.Fab)
      (effects (font (size 1 1) (thickness 0.15)))
    )
    (fp_text user %R (at 0.3 0) (layer F.Fab)
      (effects (font (size 1 1) (thickness 0.15)))
    )
    (fp_circle (center 0 0) (end 3.2 0) (layer Cmts.User) (width 0.15))
    (fp_circle (center 0 0) (end 3.45 0) (layer F.CrtYd) (width 0.05))
    (pad 1 thru_hole circle (at 0 0) (size 6.4 6.4) (drill 3.2) (layers *.Cu *.Mask))
  )

  (module canhw_footprints:PinHeader_5x2.54_SMD_90deg_952-3198-1-ND (layer B.Cu) (tedit 5BBBD10E) (tstamp 5BD8F1C5)
    (at 139.446 88.011 270)
    (path /5BA73887/5BA74E95)
    (fp_text reference J3 (at 0 -2.54 270) (layer B.SilkS)
      (effects (font (size 1 1) (thickness 0.15)) (justify mirror))
    )
    (fp_text value "Programming Header" (at 0 0.5 270) (layer B.Fab)
      (effects (font (size 1 1) (thickness 0.15)) (justify mirror))
    )
    (fp_line (start -1.27 2.4) (end 11.43 2.4) (layer B.SilkS) (width 0.15))
    (fp_line (start -1.27 10.9) (end 11.43 10.9) (layer B.SilkS) (width 0.15))
    (fp_line (start -1.27 2.4) (end -1.27 10.9) (layer B.SilkS) (width 0.15))
    (fp_line (start 11.43 2.4) (end 11.43 10.9) (layer B.SilkS) (width 0.15))
    (fp_line (start 8.89 2.4) (end 8.89 10.9) (layer B.SilkS) (width 0.15))
    (fp_line (start 3.81 2.4) (end 3.81 10.9) (layer B.SilkS) (width 0.15))
    (fp_line (start 6.35 2.4) (end 6.35 10.9) (layer B.SilkS) (width 0.15))
    (fp_line (start 1.27 2.4) (end 1.27 10.9) (layer B.SilkS) (width 0.15))
    (fp_poly (pts (xy -1.2192 10.8458) (xy 1.2192 10.8458) (xy 1.2192 2.4638) (xy -1.2192 2.4638)) (layer B.SilkS) (width 0.15))
    (pad 1 smd rect (at 0 0 270) (size 1 2) (layers B.Cu B.Paste B.Mask)
      (net 37 /Microcontroller/ICSPCLK))
    (pad 2 smd rect (at 2.54 0 270) (size 1 2) (layers B.Cu B.Paste B.Mask)
      (net 36 /Microcontroller/ICSPDAT))
    (pad 3 smd rect (at 5.08 0 270) (size 1 2) (layers B.Cu B.Paste B.Mask)
      (net 4 GND))
    (pad 4 smd rect (at 7.62 0 270) (size 1 2) (layers B.Cu B.Paste B.Mask)
      (net 2 +5V))
    (pad 5 smd rect (at 10.16 0 270) (size 1 2) (layers B.Cu B.Paste B.Mask)
      (net 35 /Microcontroller/~MCLR))
  )

  (module Housings_SOIC:SOIC-28W_7.5x17.9mm_Pitch1.27mm (layer F.Cu) (tedit 58CC8F64) (tstamp 5C1100CA)
    (at 157.48 77.724 270)
    (descr "28-Lead Plastic Small Outline (SO) - Wide, 7.50 mm Body [SOIC] (see Microchip Packaging Specification 00000049BS.pdf)")
    (tags "SOIC 1.27")
    (path /5BA73887/5BA74E7A)
    (attr smd)
    (fp_text reference U3 (at 0 -10.05 270) (layer F.SilkS)
      (effects (font (size 1 1) (thickness 0.15)))
    )
    (fp_text value PIC18F26K83 (at 0 10.05 270) (layer F.Fab)
      (effects (font (size 1 1) (thickness 0.15)))
    )
    (fp_line (start -3.875 -8.875) (end -5.7 -8.875) (layer F.SilkS) (width 0.15))
    (fp_line (start -3.875 9.125) (end 3.875 9.125) (layer F.SilkS) (width 0.15))
    (fp_line (start -3.875 -9.125) (end 3.875 -9.125) (layer F.SilkS) (width 0.15))
    (fp_line (start -3.875 9.125) (end -3.875 8.78) (layer F.SilkS) (width 0.15))
    (fp_line (start 3.875 9.125) (end 3.875 8.78) (layer F.SilkS) (width 0.15))
    (fp_line (start 3.875 -9.125) (end 3.875 -8.78) (layer F.SilkS) (width 0.15))
    (fp_line (start -3.875 -9.125) (end -3.875 -8.875) (layer F.SilkS) (width 0.15))
    (fp_line (start -5.95 9.3) (end 5.95 9.3) (layer F.CrtYd) (width 0.05))
    (fp_line (start -5.95 -9.3) (end 5.95 -9.3) (layer F.CrtYd) (width 0.05))
    (fp_line (start 5.95 -9.3) (end 5.95 9.3) (layer F.CrtYd) (width 0.05))
    (fp_line (start -5.95 -9.3) (end -5.95 9.3) (layer F.CrtYd) (width 0.05))
    (fp_line (start -3.75 -7.95) (end -2.75 -8.95) (layer F.Fab) (width 0.15))
    (fp_line (start -3.75 8.95) (end -3.75 -7.95) (layer F.Fab) (width 0.15))
    (fp_line (start 3.75 8.95) (end -3.75 8.95) (layer F.Fab) (width 0.15))
    (fp_line (start 3.75 -8.95) (end 3.75 8.95) (layer F.Fab) (width 0.15))
    (fp_line (start -2.75 -8.95) (end 3.75 -8.95) (layer F.Fab) (width 0.15))
    (fp_text user %R (at 0 0 270) (layer F.Fab)
      (effects (font (size 1 1) (thickness 0.15)))
    )
    (pad 28 smd rect (at 4.7 -8.255 270) (size 2 0.6) (layers F.Cu F.Paste F.Mask)
      (net 36 /Microcontroller/ICSPDAT))
    (pad 27 smd rect (at 4.7 -6.985 270) (size 2 0.6) (layers F.Cu F.Paste F.Mask)
      (net 37 /Microcontroller/ICSPCLK))
    (pad 26 smd rect (at 4.7 -5.715 270) (size 2 0.6) (layers F.Cu F.Paste F.Mask)
      (net 5 /Microcontroller/MOTOR_FEEDBACK))
    (pad 25 smd rect (at 4.7 -4.445 270) (size 2 0.6) (layers F.Cu F.Paste F.Mask)
      (net 26 "/Linear Actuator Driver/~LIM_HIGH"))
    (pad 24 smd rect (at 4.7 -3.175 270) (size 2 0.6) (layers F.Cu F.Paste F.Mask)
      (net 20 "/Linear Actuator Driver/~LIM_LOW"))
    (pad 23 smd rect (at 4.7 -1.905 270) (size 2 0.6) (layers F.Cu F.Paste F.Mask)
      (net 28 "/Linear Actuator Driver/MCU_FWD"))
    (pad 22 smd rect (at 4.7 -0.635 270) (size 2 0.6) (layers F.Cu F.Paste F.Mask)
      (net 22 "/Linear Actuator Driver/MCU_BWD"))
    (pad 21 smd rect (at 4.7 0.635 270) (size 2 0.6) (layers F.Cu F.Paste F.Mask)
      (net 48 "Net-(U3-Pad21)"))
    (pad 20 smd rect (at 4.7 1.905 270) (size 2 0.6) (layers F.Cu F.Paste F.Mask)
      (net 2 +5V))
    (pad 19 smd rect (at 4.7 3.175 270) (size 2 0.6) (layers F.Cu F.Paste F.Mask)
      (net 4 GND))
    (pad 18 smd rect (at 4.7 4.445 270) (size 2 0.6) (layers F.Cu F.Paste F.Mask)
      (net 33 "Net-(R5-Pad2)"))
    (pad 17 smd rect (at 4.7 5.715 270) (size 2 0.6) (layers F.Cu F.Paste F.Mask)
      (net 32 "Net-(R6-Pad2)"))
    (pad 16 smd rect (at 4.7 6.985 270) (size 2 0.6) (layers F.Cu F.Paste F.Mask)
      (net 29 "Net-(R7-Pad2)"))
    (pad 15 smd rect (at 4.7 8.255 270) (size 2 0.6) (layers F.Cu F.Paste F.Mask)
      (net 13 "/Linear Actuator Driver/SDA"))
    (pad 14 smd rect (at -4.7 8.255 270) (size 2 0.6) (layers F.Cu F.Paste F.Mask)
      (net 12 "/Linear Actuator Driver/SCL"))
    (pad 13 smd rect (at -4.7 6.985 270) (size 2 0.6) (layers F.Cu F.Paste F.Mask)
      (net 45 "Net-(U3-Pad13)"))
    (pad 12 smd rect (at -4.7 5.715 270) (size 2 0.6) (layers F.Cu F.Paste F.Mask)
      (net 41 /Microcontroller/CAN_RX))
    (pad 11 smd rect (at -4.7 4.445 270) (size 2 0.6) (layers F.Cu F.Paste F.Mask)
      (net 42 /Microcontroller/CAN_TX))
    (pad 10 smd rect (at -4.7 3.175 270) (size 2 0.6) (layers F.Cu F.Paste F.Mask)
      (net 46 /Microcontroller/OSC2))
    (pad 9 smd rect (at -4.7 1.905 270) (size 2 0.6) (layers F.Cu F.Paste F.Mask)
      (net 47 /Microcontroller/OSC1))
    (pad 8 smd rect (at -4.7 0.635 270) (size 2 0.6) (layers F.Cu F.Paste F.Mask)
      (net 4 GND))
    (pad 7 smd rect (at -4.7 -0.635 270) (size 2 0.6) (layers F.Cu F.Paste F.Mask)
      (net 49 "Net-(U3-Pad7)"))
    (pad 6 smd rect (at -4.7 -1.905 270) (size 2 0.6) (layers F.Cu F.Paste F.Mask)
      (net 50 "Net-(U3-Pad6)"))
    (pad 5 smd rect (at -4.7 -3.175 270) (size 2 0.6) (layers F.Cu F.Paste F.Mask)
      (net 51 "Net-(U3-Pad5)"))
    (pad 4 smd rect (at -4.7 -4.445 270) (size 2 0.6) (layers F.Cu F.Paste F.Mask)
      (net 52 "Net-(U3-Pad4)"))
    (pad 3 smd rect (at -4.7 -5.715 270) (size 2 0.6) (layers F.Cu F.Paste F.Mask)
      (net 40 /Microcontroller/CURR_AMP))
    (pad 2 smd rect (at -4.7 -6.985 270) (size 2 0.6) (layers F.Cu F.Paste F.Mask)
      (net 19 /Microcontroller/VBAT))
    (pad 1 smd rect (at -4.7 -8.255 270) (size 2 0.6) (layers F.Cu F.Paste F.Mask)
      (net 35 /Microcontroller/~MCLR))
    (model ${KISYS3DMOD}/Housings_SOIC.3dshapes/SOIC-28W_7.5x17.9mm_Pitch1.27mm.wrl
      (at (xyz 0 0 0))
      (scale (xyz 1 1 1))
      (rotate (xyz 0 0 0))
    )
  )

  (module Capacitor_SMD:C_0805_2012Metric_Pad1.15x1.40mm_HandSolder (layer B.Cu) (tedit 5B36C52B) (tstamp 5C25EDE2)
    (at 144.78 72.907 270)
    (descr "Capacitor SMD 0805 (2012 Metric), square (rectangular) end terminal, IPC_7351 nominal with elongated pad for handsoldering. (Body size source: https://docs.google.com/spreadsheets/d/1BsfQQcO9C6DZCsRaXUlFlo91Tg2WpOkGARC1WS5S8t0/edit?usp=sharing), generated with kicad-footprint-generator")
    (tags "capacitor handsolder")
    (path /5BA73884/5BAADEF8)
    (attr smd)
    (fp_text reference C1 (at 0 1.65 270) (layer B.SilkS)
      (effects (font (size 1 1) (thickness 0.15)) (justify mirror))
    )
    (fp_text value 0.1uF (at 0 -1.65 270) (layer B.Fab)
      (effects (font (size 1 1) (thickness 0.15)) (justify mirror))
    )
    (fp_line (start -1 -0.6) (end -1 0.6) (layer B.Fab) (width 0.1))
    (fp_line (start -1 0.6) (end 1 0.6) (layer B.Fab) (width 0.1))
    (fp_line (start 1 0.6) (end 1 -0.6) (layer B.Fab) (width 0.1))
    (fp_line (start 1 -0.6) (end -1 -0.6) (layer B.Fab) (width 0.1))
    (fp_line (start -0.261252 0.71) (end 0.261252 0.71) (layer B.SilkS) (width 0.12))
    (fp_line (start -0.261252 -0.71) (end 0.261252 -0.71) (layer B.SilkS) (width 0.12))
    (fp_line (start -1.85 -0.95) (end -1.85 0.95) (layer B.CrtYd) (width 0.05))
    (fp_line (start -1.85 0.95) (end 1.85 0.95) (layer B.CrtYd) (width 0.05))
    (fp_line (start 1.85 0.95) (end 1.85 -0.95) (layer B.CrtYd) (width 0.05))
    (fp_line (start 1.85 -0.95) (end -1.85 -0.95) (layer B.CrtYd) (width 0.05))
    (fp_text user %R (at 0 0 270) (layer B.Fab)
      (effects (font (size 0.5 0.5) (thickness 0.08)) (justify mirror))
    )
    (pad 1 smd roundrect (at -1.025 0 270) (size 1.15 1.4) (layers B.Cu B.Paste B.Mask) (roundrect_rratio 0.217391)
      (net 4 GND))
    (pad 2 smd roundrect (at 1.025 0 270) (size 1.15 1.4) (layers B.Cu B.Paste B.Mask) (roundrect_rratio 0.217391)
      (net 2 +5V))
    (model ${KISYS3DMOD}/Capacitor_SMD.3dshapes/C_0805_2012Metric.wrl
      (at (xyz 0 0 0))
      (scale (xyz 1 1 1))
      (rotate (xyz 0 0 0))
    )
  )

  (module Capacitor_SMD:C_0805_2012Metric_Pad1.15x1.40mm_HandSolder (layer F.Cu) (tedit 5B36C52B) (tstamp 5C0680BA)
    (at 155.058 85.598)
    (descr "Capacitor SMD 0805 (2012 Metric), square (rectangular) end terminal, IPC_7351 nominal with elongated pad for handsoldering. (Body size source: https://docs.google.com/spreadsheets/d/1BsfQQcO9C6DZCsRaXUlFlo91Tg2WpOkGARC1WS5S8t0/edit?usp=sharing), generated with kicad-footprint-generator")
    (tags "capacitor handsolder")
    (path /5BA73887/5BA74F0D)
    (attr smd)
    (fp_text reference C2 (at 0 -1.65) (layer F.SilkS)
      (effects (font (size 1 1) (thickness 0.15)))
    )
    (fp_text value 0.1uF (at 0 1.65) (layer F.Fab)
      (effects (font (size 1 1) (thickness 0.15)))
    )
    (fp_text user %R (at 0 0) (layer F.Fab)
      (effects (font (size 0.5 0.5) (thickness 0.08)))
    )
    (fp_line (start 1.85 0.95) (end -1.85 0.95) (layer F.CrtYd) (width 0.05))
    (fp_line (start 1.85 -0.95) (end 1.85 0.95) (layer F.CrtYd) (width 0.05))
    (fp_line (start -1.85 -0.95) (end 1.85 -0.95) (layer F.CrtYd) (width 0.05))
    (fp_line (start -1.85 0.95) (end -1.85 -0.95) (layer F.CrtYd) (width 0.05))
    (fp_line (start -0.261252 0.71) (end 0.261252 0.71) (layer F.SilkS) (width 0.12))
    (fp_line (start -0.261252 -0.71) (end 0.261252 -0.71) (layer F.SilkS) (width 0.12))
    (fp_line (start 1 0.6) (end -1 0.6) (layer F.Fab) (width 0.1))
    (fp_line (start 1 -0.6) (end 1 0.6) (layer F.Fab) (width 0.1))
    (fp_line (start -1 -0.6) (end 1 -0.6) (layer F.Fab) (width 0.1))
    (fp_line (start -1 0.6) (end -1 -0.6) (layer F.Fab) (width 0.1))
    (pad 2 smd roundrect (at 1.025 0) (size 1.15 1.4) (layers F.Cu F.Paste F.Mask) (roundrect_rratio 0.217391)
      (net 2 +5V))
    (pad 1 smd roundrect (at -1.025 0) (size 1.15 1.4) (layers F.Cu F.Paste F.Mask) (roundrect_rratio 0.217391)
      (net 4 GND))
    (model ${KISYS3DMOD}/Capacitor_SMD.3dshapes/C_0805_2012Metric.wrl
      (at (xyz 0 0 0))
      (scale (xyz 1 1 1))
      (rotate (xyz 0 0 0))
    )
  )

  (module Capacitor_SMD:C_0805_2012Metric_Pad1.15x1.40mm_HandSolder (layer F.Cu) (tedit 5B36C52B) (tstamp 5C0680A9)
    (at 138.938 79.13 90)
    (descr "Capacitor SMD 0805 (2012 Metric), square (rectangular) end terminal, IPC_7351 nominal with elongated pad for handsoldering. (Body size source: https://docs.google.com/spreadsheets/d/1BsfQQcO9C6DZCsRaXUlFlo91Tg2WpOkGARC1WS5S8t0/edit?usp=sharing), generated with kicad-footprint-generator")
    (tags "capacitor handsolder")
    (path /5BA73887/5BA74EFE)
    (attr smd)
    (fp_text reference C3 (at 0 -1.65 90) (layer F.SilkS)
      (effects (font (size 1 1) (thickness 0.15)))
    )
    (fp_text value 10uF (at 0 1.65 90) (layer F.Fab)
      (effects (font (size 1 1) (thickness 0.15)))
    )
    (fp_line (start -1 0.6) (end -1 -0.6) (layer F.Fab) (width 0.1))
    (fp_line (start -1 -0.6) (end 1 -0.6) (layer F.Fab) (width 0.1))
    (fp_line (start 1 -0.6) (end 1 0.6) (layer F.Fab) (width 0.1))
    (fp_line (start 1 0.6) (end -1 0.6) (layer F.Fab) (width 0.1))
    (fp_line (start -0.261252 -0.71) (end 0.261252 -0.71) (layer F.SilkS) (width 0.12))
    (fp_line (start -0.261252 0.71) (end 0.261252 0.71) (layer F.SilkS) (width 0.12))
    (fp_line (start -1.85 0.95) (end -1.85 -0.95) (layer F.CrtYd) (width 0.05))
    (fp_line (start -1.85 -0.95) (end 1.85 -0.95) (layer F.CrtYd) (width 0.05))
    (fp_line (start 1.85 -0.95) (end 1.85 0.95) (layer F.CrtYd) (width 0.05))
    (fp_line (start 1.85 0.95) (end -1.85 0.95) (layer F.CrtYd) (width 0.05))
    (fp_text user %R (at 0 0 90) (layer F.Fab)
      (effects (font (size 0.5 0.5) (thickness 0.08)))
    )
    (pad 1 smd roundrect (at -1.025 0 90) (size 1.15 1.4) (layers F.Cu F.Paste F.Mask) (roundrect_rratio 0.217391)
      (net 2 +5V))
    (pad 2 smd roundrect (at 1.025 0 90) (size 1.15 1.4) (layers F.Cu F.Paste F.Mask) (roundrect_rratio 0.217391)
      (net 4 GND))
    (model ${KISYS3DMOD}/Capacitor_SMD.3dshapes/C_0805_2012Metric.wrl
      (at (xyz 0 0 0))
      (scale (xyz 1 1 1))
      (rotate (xyz 0 0 0))
    )
  )

  (module Capacitor_SMD:C_0805_2012Metric_Pad1.15x1.40mm_HandSolder (layer F.Cu) (tedit 5B36C52B) (tstamp 5C068098)
    (at 157.743 63.627 180)
    (descr "Capacitor SMD 0805 (2012 Metric), square (rectangular) end terminal, IPC_7351 nominal with elongated pad for handsoldering. (Body size source: https://docs.google.com/spreadsheets/d/1BsfQQcO9C6DZCsRaXUlFlo91Tg2WpOkGARC1WS5S8t0/edit?usp=sharing), generated with kicad-footprint-generator")
    (tags "capacitor handsolder")
    (path /5BA73887/5BA74F2D)
    (attr smd)
    (fp_text reference C4 (at 0 -1.65 180) (layer F.SilkS)
      (effects (font (size 1 1) (thickness 0.15)))
    )
    (fp_text value 26pF (at 0 1.65 180) (layer F.Fab)
      (effects (font (size 1 1) (thickness 0.15)))
    )
    (fp_text user %R (at 0 0 180) (layer F.Fab)
      (effects (font (size 0.5 0.5) (thickness 0.08)))
    )
    (fp_line (start 1.85 0.95) (end -1.85 0.95) (layer F.CrtYd) (width 0.05))
    (fp_line (start 1.85 -0.95) (end 1.85 0.95) (layer F.CrtYd) (width 0.05))
    (fp_line (start -1.85 -0.95) (end 1.85 -0.95) (layer F.CrtYd) (width 0.05))
    (fp_line (start -1.85 0.95) (end -1.85 -0.95) (layer F.CrtYd) (width 0.05))
    (fp_line (start -0.261252 0.71) (end 0.261252 0.71) (layer F.SilkS) (width 0.12))
    (fp_line (start -0.261252 -0.71) (end 0.261252 -0.71) (layer F.SilkS) (width 0.12))
    (fp_line (start 1 0.6) (end -1 0.6) (layer F.Fab) (width 0.1))
    (fp_line (start 1 -0.6) (end 1 0.6) (layer F.Fab) (width 0.1))
    (fp_line (start -1 -0.6) (end 1 -0.6) (layer F.Fab) (width 0.1))
    (fp_line (start -1 0.6) (end -1 -0.6) (layer F.Fab) (width 0.1))
    (pad 2 smd roundrect (at 1.025 0 180) (size 1.15 1.4) (layers F.Cu F.Paste F.Mask) (roundrect_rratio 0.217391)
      (net 4 GND))
    (pad 1 smd roundrect (at -1.025 0 180) (size 1.15 1.4) (layers F.Cu F.Paste F.Mask) (roundrect_rratio 0.217391)
      (net 47 /Microcontroller/OSC1))
    (model ${KISYS3DMOD}/Capacitor_SMD.3dshapes/C_0805_2012Metric.wrl
      (at (xyz 0 0 0))
      (scale (xyz 1 1 1))
      (rotate (xyz 0 0 0))
    )
  )

  (module Capacitor_SMD:C_0805_2012Metric_Pad1.15x1.40mm_HandSolder (layer F.Cu) (tedit 5B36C52B) (tstamp 5C068087)
    (at 152.264 63.627)
    (descr "Capacitor SMD 0805 (2012 Metric), square (rectangular) end terminal, IPC_7351 nominal with elongated pad for handsoldering. (Body size source: https://docs.google.com/spreadsheets/d/1BsfQQcO9C6DZCsRaXUlFlo91Tg2WpOkGARC1WS5S8t0/edit?usp=sharing), generated with kicad-footprint-generator")
    (tags "capacitor handsolder")
    (path /5BA73887/5BA74F34)
    (attr smd)
    (fp_text reference C5 (at 0 -1.65) (layer F.SilkS)
      (effects (font (size 1 1) (thickness 0.15)))
    )
    (fp_text value 26pF (at 0 1.65) (layer F.Fab)
      (effects (font (size 1 1) (thickness 0.15)))
    )
    (fp_line (start -1 0.6) (end -1 -0.6) (layer F.Fab) (width 0.1))
    (fp_line (start -1 -0.6) (end 1 -0.6) (layer F.Fab) (width 0.1))
    (fp_line (start 1 -0.6) (end 1 0.6) (layer F.Fab) (width 0.1))
    (fp_line (start 1 0.6) (end -1 0.6) (layer F.Fab) (width 0.1))
    (fp_line (start -0.261252 -0.71) (end 0.261252 -0.71) (layer F.SilkS) (width 0.12))
    (fp_line (start -0.261252 0.71) (end 0.261252 0.71) (layer F.SilkS) (width 0.12))
    (fp_line (start -1.85 0.95) (end -1.85 -0.95) (layer F.CrtYd) (width 0.05))
    (fp_line (start -1.85 -0.95) (end 1.85 -0.95) (layer F.CrtYd) (width 0.05))
    (fp_line (start 1.85 -0.95) (end 1.85 0.95) (layer F.CrtYd) (width 0.05))
    (fp_line (start 1.85 0.95) (end -1.85 0.95) (layer F.CrtYd) (width 0.05))
    (fp_text user %R (at 0 0) (layer F.Fab)
      (effects (font (size 0.5 0.5) (thickness 0.08)))
    )
    (pad 1 smd roundrect (at -1.025 0) (size 1.15 1.4) (layers F.Cu F.Paste F.Mask) (roundrect_rratio 0.217391)
      (net 46 /Microcontroller/OSC2))
    (pad 2 smd roundrect (at 1.025 0) (size 1.15 1.4) (layers F.Cu F.Paste F.Mask) (roundrect_rratio 0.217391)
      (net 4 GND))
    (model ${KISYS3DMOD}/Capacitor_SMD.3dshapes/C_0805_2012Metric.wrl
      (at (xyz 0 0 0))
      (scale (xyz 1 1 1))
      (rotate (xyz 0 0 0))
    )
  )

  (module Capacitor_SMD:C_0805_2012Metric_Pad1.15x1.40mm_HandSolder (layer F.Cu) (tedit 5B36C52B) (tstamp 5C068076)
    (at 151.003 100.974 270)
    (descr "Capacitor SMD 0805 (2012 Metric), square (rectangular) end terminal, IPC_7351 nominal with elongated pad for handsoldering. (Body size source: https://docs.google.com/spreadsheets/d/1BsfQQcO9C6DZCsRaXUlFlo91Tg2WpOkGARC1WS5S8t0/edit?usp=sharing), generated with kicad-footprint-generator")
    (tags "capacitor handsolder")
    (path /5BA7388A/5BB0EE2C)
    (attr smd)
    (fp_text reference C6 (at 0 -1.65 270) (layer F.SilkS)
      (effects (font (size 1 1) (thickness 0.15)))
    )
    (fp_text value 0.1uF (at 0 1.65 270) (layer F.Fab)
      (effects (font (size 1 1) (thickness 0.15)))
    )
    (fp_text user %R (at 0 0 270) (layer F.Fab)
      (effects (font (size 0.5 0.5) (thickness 0.08)))
    )
    (fp_line (start 1.85 0.95) (end -1.85 0.95) (layer F.CrtYd) (width 0.05))
    (fp_line (start 1.85 -0.95) (end 1.85 0.95) (layer F.CrtYd) (width 0.05))
    (fp_line (start -1.85 -0.95) (end 1.85 -0.95) (layer F.CrtYd) (width 0.05))
    (fp_line (start -1.85 0.95) (end -1.85 -0.95) (layer F.CrtYd) (width 0.05))
    (fp_line (start -0.261252 0.71) (end 0.261252 0.71) (layer F.SilkS) (width 0.12))
    (fp_line (start -0.261252 -0.71) (end 0.261252 -0.71) (layer F.SilkS) (width 0.12))
    (fp_line (start 1 0.6) (end -1 0.6) (layer F.Fab) (width 0.1))
    (fp_line (start 1 -0.6) (end 1 0.6) (layer F.Fab) (width 0.1))
    (fp_line (start -1 -0.6) (end 1 -0.6) (layer F.Fab) (width 0.1))
    (fp_line (start -1 0.6) (end -1 -0.6) (layer F.Fab) (width 0.1))
    (pad 2 smd roundrect (at 1.025 0 270) (size 1.15 1.4) (layers F.Cu F.Paste F.Mask) (roundrect_rratio 0.217391)
      (net 14 +5VBAT))
    (pad 1 smd roundrect (at -1.025 0 270) (size 1.15 1.4) (layers F.Cu F.Paste F.Mask) (roundrect_rratio 0.217391)
      (net 4 GND))
    (model ${KISYS3DMOD}/Capacitor_SMD.3dshapes/C_0805_2012Metric.wrl
      (at (xyz 0 0 0))
      (scale (xyz 1 1 1))
      (rotate (xyz 0 0 0))
    )
  )

  (module Capacitor_SMD:C_0805_2012Metric_Pad1.15x1.40mm_HandSolder (layer F.Cu) (tedit 5B36C52B) (tstamp 5C068065)
    (at 160.02 101.083 270)
    (descr "Capacitor SMD 0805 (2012 Metric), square (rectangular) end terminal, IPC_7351 nominal with elongated pad for handsoldering. (Body size source: https://docs.google.com/spreadsheets/d/1BsfQQcO9C6DZCsRaXUlFlo91Tg2WpOkGARC1WS5S8t0/edit?usp=sharing), generated with kicad-footprint-generator")
    (tags "capacitor handsolder")
    (path /5BA7388A/5BB0BC21)
    (attr smd)
    (fp_text reference C7 (at 0 -1.65 270) (layer F.SilkS)
      (effects (font (size 1 1) (thickness 0.15)))
    )
    (fp_text value 0.1uF (at 0 1.65 270) (layer F.Fab)
      (effects (font (size 1 1) (thickness 0.15)))
    )
    (fp_line (start -1 0.6) (end -1 -0.6) (layer F.Fab) (width 0.1))
    (fp_line (start -1 -0.6) (end 1 -0.6) (layer F.Fab) (width 0.1))
    (fp_line (start 1 -0.6) (end 1 0.6) (layer F.Fab) (width 0.1))
    (fp_line (start 1 0.6) (end -1 0.6) (layer F.Fab) (width 0.1))
    (fp_line (start -0.261252 -0.71) (end 0.261252 -0.71) (layer F.SilkS) (width 0.12))
    (fp_line (start -0.261252 0.71) (end 0.261252 0.71) (layer F.SilkS) (width 0.12))
    (fp_line (start -1.85 0.95) (end -1.85 -0.95) (layer F.CrtYd) (width 0.05))
    (fp_line (start -1.85 -0.95) (end 1.85 -0.95) (layer F.CrtYd) (width 0.05))
    (fp_line (start 1.85 -0.95) (end 1.85 0.95) (layer F.CrtYd) (width 0.05))
    (fp_line (start 1.85 0.95) (end -1.85 0.95) (layer F.CrtYd) (width 0.05))
    (fp_text user %R (at 0 0 270) (layer F.Fab)
      (effects (font (size 0.5 0.5) (thickness 0.08)))
    )
    (pad 1 smd roundrect (at -1.025 0 270) (size 1.15 1.4) (layers F.Cu F.Paste F.Mask) (roundrect_rratio 0.217391)
      (net 4 GND))
    (pad 2 smd roundrect (at 1.025 0 270) (size 1.15 1.4) (layers F.Cu F.Paste F.Mask) (roundrect_rratio 0.217391)
      (net 14 +5VBAT))
    (model ${KISYS3DMOD}/Capacitor_SMD.3dshapes/C_0805_2012Metric.wrl
      (at (xyz 0 0 0))
      (scale (xyz 1 1 1))
      (rotate (xyz 0 0 0))
    )
  )

  (module Capacitor_SMD:C_0805_2012Metric_Pad1.15x1.40mm_HandSolder (layer F.Cu) (tedit 5B36C52B) (tstamp 5C25EE12)
    (at 131.572 94.987 90)
    (descr "Capacitor SMD 0805 (2012 Metric), square (rectangular) end terminal, IPC_7351 nominal with elongated pad for handsoldering. (Body size source: https://docs.google.com/spreadsheets/d/1BsfQQcO9C6DZCsRaXUlFlo91Tg2WpOkGARC1WS5S8t0/edit?usp=sharing), generated with kicad-footprint-generator")
    (tags "capacitor handsolder")
    (path /5BA73884/5BB0D15D)
    (attr smd)
    (fp_text reference C8 (at 0 -1.65 90) (layer F.SilkS)
      (effects (font (size 1 1) (thickness 0.15)))
    )
    (fp_text value 0.33uF (at 0 1.65 90) (layer F.Fab)
      (effects (font (size 1 1) (thickness 0.15)))
    )
    (fp_text user %R (at 0 0 90) (layer F.Fab)
      (effects (font (size 0.5 0.5) (thickness 0.08)))
    )
    (fp_line (start 1.85 0.95) (end -1.85 0.95) (layer F.CrtYd) (width 0.05))
    (fp_line (start 1.85 -0.95) (end 1.85 0.95) (layer F.CrtYd) (width 0.05))
    (fp_line (start -1.85 -0.95) (end 1.85 -0.95) (layer F.CrtYd) (width 0.05))
    (fp_line (start -1.85 0.95) (end -1.85 -0.95) (layer F.CrtYd) (width 0.05))
    (fp_line (start -0.261252 0.71) (end 0.261252 0.71) (layer F.SilkS) (width 0.12))
    (fp_line (start -0.261252 -0.71) (end 0.261252 -0.71) (layer F.SilkS) (width 0.12))
    (fp_line (start 1 0.6) (end -1 0.6) (layer F.Fab) (width 0.1))
    (fp_line (start 1 -0.6) (end 1 0.6) (layer F.Fab) (width 0.1))
    (fp_line (start -1 -0.6) (end 1 -0.6) (layer F.Fab) (width 0.1))
    (fp_line (start -1 0.6) (end -1 -0.6) (layer F.Fab) (width 0.1))
    (pad 2 smd roundrect (at 1.025 0 90) (size 1.15 1.4) (layers F.Cu F.Paste F.Mask) (roundrect_rratio 0.217391)
      (net 4 GND))
    (pad 1 smd roundrect (at -1.025 0 90) (size 1.15 1.4) (layers F.Cu F.Paste F.Mask) (roundrect_rratio 0.217391)
      (net 11 +BATT))
    (model ${KISYS3DMOD}/Capacitor_SMD.3dshapes/C_0805_2012Metric.wrl
      (at (xyz 0 0 0))
      (scale (xyz 1 1 1))
      (rotate (xyz 0 0 0))
    )
  )

  (module Capacitor_SMD:C_0805_2012Metric_Pad1.15x1.40mm_HandSolder (layer F.Cu) (tedit 5B36C52B) (tstamp 5C25EE42)
    (at 145.778 94.987 90)
    (descr "Capacitor SMD 0805 (2012 Metric), square (rectangular) end terminal, IPC_7351 nominal with elongated pad for handsoldering. (Body size source: https://docs.google.com/spreadsheets/d/1BsfQQcO9C6DZCsRaXUlFlo91Tg2WpOkGARC1WS5S8t0/edit?usp=sharing), generated with kicad-footprint-generator")
    (tags "capacitor handsolder")
    (path /5BA73884/5BB12999)
    (attr smd)
    (fp_text reference C9 (at 0 -1.65 90) (layer F.SilkS)
      (effects (font (size 1 1) (thickness 0.15)))
    )
    (fp_text value 0.22uF (at 0 1.65 90) (layer F.Fab)
      (effects (font (size 1 1) (thickness 0.15)))
    )
    (fp_line (start -1 0.6) (end -1 -0.6) (layer F.Fab) (width 0.1))
    (fp_line (start -1 -0.6) (end 1 -0.6) (layer F.Fab) (width 0.1))
    (fp_line (start 1 -0.6) (end 1 0.6) (layer F.Fab) (width 0.1))
    (fp_line (start 1 0.6) (end -1 0.6) (layer F.Fab) (width 0.1))
    (fp_line (start -0.261252 -0.71) (end 0.261252 -0.71) (layer F.SilkS) (width 0.12))
    (fp_line (start -0.261252 0.71) (end 0.261252 0.71) (layer F.SilkS) (width 0.12))
    (fp_line (start -1.85 0.95) (end -1.85 -0.95) (layer F.CrtYd) (width 0.05))
    (fp_line (start -1.85 -0.95) (end 1.85 -0.95) (layer F.CrtYd) (width 0.05))
    (fp_line (start 1.85 -0.95) (end 1.85 0.95) (layer F.CrtYd) (width 0.05))
    (fp_line (start 1.85 0.95) (end -1.85 0.95) (layer F.CrtYd) (width 0.05))
    (fp_text user %R (at 0 0 90) (layer F.Fab)
      (effects (font (size 0.5 0.5) (thickness 0.08)))
    )
    (pad 1 smd roundrect (at -1.025 0 90) (size 1.15 1.4) (layers F.Cu F.Paste F.Mask) (roundrect_rratio 0.217391)
      (net 14 +5VBAT))
    (pad 2 smd roundrect (at 1.025 0 90) (size 1.15 1.4) (layers F.Cu F.Paste F.Mask) (roundrect_rratio 0.217391)
      (net 4 GND))
    (model ${KISYS3DMOD}/Capacitor_SMD.3dshapes/C_0805_2012Metric.wrl
      (at (xyz 0 0 0))
      (scale (xyz 1 1 1))
      (rotate (xyz 0 0 0))
    )
  )

  (module Crystal:Crystal_HC49-4H_Vertical (layer F.Cu) (tedit 5A1AD3B7) (tstamp 5BCE1D67)
    (at 157.661 67.818 180)
    (descr "Crystal THT HC-49-4H http://5hertz.com/pdfs/04404_D.pdf")
    (tags "THT crystalHC-49-4H")
    (path /5BA73887/5BA74F26)
    (fp_text reference Y1 (at 2.44 -3.525 180) (layer F.SilkS)
      (effects (font (size 1 1) (thickness 0.15)))
    )
    (fp_text value Crystal (at 2.44 3.525 180) (layer F.Fab)
      (effects (font (size 1 1) (thickness 0.15)))
    )
    (fp_text user %R (at 2.44 0 180) (layer F.Fab)
      (effects (font (size 1 1) (thickness 0.15)))
    )
    (fp_line (start -0.76 -2.325) (end 5.64 -2.325) (layer F.Fab) (width 0.1))
    (fp_line (start -0.76 2.325) (end 5.64 2.325) (layer F.Fab) (width 0.1))
    (fp_line (start -0.56 -2) (end 5.44 -2) (layer F.Fab) (width 0.1))
    (fp_line (start -0.56 2) (end 5.44 2) (layer F.Fab) (width 0.1))
    (fp_line (start -0.76 -2.525) (end 5.64 -2.525) (layer F.SilkS) (width 0.12))
    (fp_line (start -0.76 2.525) (end 5.64 2.525) (layer F.SilkS) (width 0.12))
    (fp_line (start -3.6 -2.8) (end -3.6 2.8) (layer F.CrtYd) (width 0.05))
    (fp_line (start -3.6 2.8) (end 8.5 2.8) (layer F.CrtYd) (width 0.05))
    (fp_line (start 8.5 2.8) (end 8.5 -2.8) (layer F.CrtYd) (width 0.05))
    (fp_line (start 8.5 -2.8) (end -3.6 -2.8) (layer F.CrtYd) (width 0.05))
    (fp_arc (start -0.76 0) (end -0.76 -2.325) (angle -180) (layer F.Fab) (width 0.1))
    (fp_arc (start 5.64 0) (end 5.64 -2.325) (angle 180) (layer F.Fab) (width 0.1))
    (fp_arc (start -0.56 0) (end -0.56 -2) (angle -180) (layer F.Fab) (width 0.1))
    (fp_arc (start 5.44 0) (end 5.44 -2) (angle 180) (layer F.Fab) (width 0.1))
    (fp_arc (start -0.76 0) (end -0.76 -2.525) (angle -180) (layer F.SilkS) (width 0.12))
    (fp_arc (start 5.64 0) (end 5.64 -2.525) (angle 180) (layer F.SilkS) (width 0.12))
    (pad 1 thru_hole circle (at 0 0 180) (size 1.5 1.5) (drill 0.8) (layers *.Cu *.Mask)
      (net 47 /Microcontroller/OSC1))
    (pad 2 thru_hole circle (at 4.88 0 180) (size 1.5 1.5) (drill 0.8) (layers *.Cu *.Mask)
      (net 46 /Microcontroller/OSC2))
    (model ${KISYS3DMOD}/Crystal.3dshapes/Crystal_HC49-4H_Vertical.wrl
      (at (xyz 0 0 0))
      (scale (xyz 1 1 1))
      (rotate (xyz 0 0 0))
    )
  )

  (module Fuse:Fuse_1206_3216Metric_Pad1.42x1.75mm_HandSolder (layer B.Cu) (tedit 5B301BBE) (tstamp 5C25EE72)
    (at 133.8215 68.326 180)
    (descr "Fuse SMD 1206 (3216 Metric), square (rectangular) end terminal, IPC_7351 nominal with elongated pad for handsoldering. (Body size source: http://www.tortai-tech.com/upload/download/2011102023233369053.pdf), generated with kicad-footprint-generator")
    (tags "resistor handsolder")
    (path /5BA73884/5BAB3F39)
    (attr smd)
    (fp_text reference F2 (at 0 1.82 180) (layer B.SilkS)
      (effects (font (size 1 1) (thickness 0.15)) (justify mirror))
    )
    (fp_text value Polyfuse (at 0 -1.82 180) (layer B.Fab)
      (effects (font (size 1 1) (thickness 0.15)) (justify mirror))
    )
    (fp_line (start -1.6 -0.8) (end -1.6 0.8) (layer B.Fab) (width 0.1))
    (fp_line (start -1.6 0.8) (end 1.6 0.8) (layer B.Fab) (width 0.1))
    (fp_line (start 1.6 0.8) (end 1.6 -0.8) (layer B.Fab) (width 0.1))
    (fp_line (start 1.6 -0.8) (end -1.6 -0.8) (layer B.Fab) (width 0.1))
    (fp_line (start -0.602064 0.91) (end 0.602064 0.91) (layer B.SilkS) (width 0.12))
    (fp_line (start -0.602064 -0.91) (end 0.602064 -0.91) (layer B.SilkS) (width 0.12))
    (fp_line (start -2.45 -1.12) (end -2.45 1.12) (layer B.CrtYd) (width 0.05))
    (fp_line (start -2.45 1.12) (end 2.45 1.12) (layer B.CrtYd) (width 0.05))
    (fp_line (start 2.45 1.12) (end 2.45 -1.12) (layer B.CrtYd) (width 0.05))
    (fp_line (start 2.45 -1.12) (end -2.45 -1.12) (layer B.CrtYd) (width 0.05))
    (fp_text user %R (at 0 0 180) (layer B.Fab)
      (effects (font (size 0.8 0.8) (thickness 0.12)) (justify mirror))
    )
    (pad 1 smd roundrect (at -1.4875 0 180) (size 1.425 1.75) (layers B.Cu B.Paste B.Mask) (roundrect_rratio 0.175439)
      (net 17 "Net-(F2-Pad1)"))
    (pad 2 smd roundrect (at 1.4875 0 180) (size 1.425 1.75) (layers B.Cu B.Paste B.Mask) (roundrect_rratio 0.175439)
      (net 9 "Net-(F2-Pad2)"))
    (model ${KISYS3DMOD}/Fuse.3dshapes/Fuse_1206_3216Metric.wrl
      (at (xyz 0 0 0))
      (scale (xyz 1 1 1))
      (rotate (xyz 0 0 0))
    )
  )

  (module Housings_SOIC:SO-8_5.3x6.2mm_Pitch1.27mm (layer F.Cu) (tedit 59920130) (tstamp 5C25EEAE)
    (at 138.684 95.504 180)
    (descr "8-Lead Plastic Small Outline, 5.3x6.2mm Body (http://www.ti.com.cn/cn/lit/ds/symlink/tl7705a.pdf)")
    (tags "SOIC 1.27")
    (path /5BA73884/5BB0ADE7)
    (attr smd)
    (fp_text reference U9 (at 0 -4.13 180) (layer F.SilkS)
      (effects (font (size 1 1) (thickness 0.15)))
    )
    (fp_text value L78L05AC (at 0 4.13 180) (layer F.Fab)
      (effects (font (size 1 1) (thickness 0.15)))
    )
    (fp_line (start -2.75 -2.55) (end -4.5 -2.55) (layer F.SilkS) (width 0.15))
    (fp_line (start -2.75 3.205) (end 2.75 3.205) (layer F.SilkS) (width 0.15))
    (fp_line (start -2.75 -3.205) (end 2.75 -3.205) (layer F.SilkS) (width 0.15))
    (fp_line (start -2.75 3.205) (end -2.75 2.455) (layer F.SilkS) (width 0.15))
    (fp_line (start 2.75 3.205) (end 2.75 2.455) (layer F.SilkS) (width 0.15))
    (fp_line (start 2.75 -3.205) (end 2.75 -2.455) (layer F.SilkS) (width 0.15))
    (fp_line (start -2.75 -3.205) (end -2.75 -2.55) (layer F.SilkS) (width 0.15))
    (fp_line (start -4.83 3.35) (end 4.83 3.35) (layer F.CrtYd) (width 0.05))
    (fp_line (start -4.83 -3.35) (end 4.83 -3.35) (layer F.CrtYd) (width 0.05))
    (fp_line (start 4.83 -3.35) (end 4.83 3.35) (layer F.CrtYd) (width 0.05))
    (fp_line (start -4.83 -3.35) (end -4.83 3.35) (layer F.CrtYd) (width 0.05))
    (fp_line (start -2.65 -2.1) (end -1.65 -3.1) (layer F.Fab) (width 0.15))
    (fp_line (start -2.65 3.1) (end -2.65 -2.1) (layer F.Fab) (width 0.15))
    (fp_line (start 2.65 3.1) (end -2.65 3.1) (layer F.Fab) (width 0.15))
    (fp_line (start 2.65 -3.1) (end 2.65 3.1) (layer F.Fab) (width 0.15))
    (fp_line (start -1.65 -3.1) (end 2.65 -3.1) (layer F.Fab) (width 0.15))
    (fp_text user %R (at 0 0 180) (layer F.Fab)
      (effects (font (size 1 1) (thickness 0.15)))
    )
    (pad 8 smd rect (at 3.7 -1.905 180) (size 1.75 0.55) (layers F.Cu F.Paste F.Mask)
      (net 11 +BATT))
    (pad 7 smd rect (at 3.7 -0.635 180) (size 1.75 0.55) (layers F.Cu F.Paste F.Mask)
      (net 4 GND))
    (pad 6 smd rect (at 3.7 0.635 180) (size 1.75 0.55) (layers F.Cu F.Paste F.Mask)
      (net 4 GND))
    (pad 5 smd rect (at 3.7 1.905 180) (size 1.75 0.55) (layers F.Cu F.Paste F.Mask)
      (net 43 "Net-(U9-Pad5)"))
    (pad 4 smd rect (at -3.7 1.905 180) (size 1.75 0.55) (layers F.Cu F.Paste F.Mask)
      (net 44 "Net-(U9-Pad4)"))
    (pad 3 smd rect (at -3.7 0.635 180) (size 1.75 0.55) (layers F.Cu F.Paste F.Mask)
      (net 4 GND))
    (pad 2 smd rect (at -3.7 -0.635 180) (size 1.75 0.55) (layers F.Cu F.Paste F.Mask)
